fishcamp/DEMNED03.asc
ncols 200
nrows 100
xllcorner 268000
yllcorner 4149000
cellsize 10.00
nodata_value -32767
[rows 38 to 75 of 100, columns 0 to 83 of 200]
1455 1460 1464 1467 1470 1474 1477 1479 1481 1483 1486 1488 1491 1493 1496 1499 1502 1504 1507 1509 1512 1514 1517 1519 1522 1524 1527 1531 1534 1538 1541 1544 1548 1551 1555 1558 1562 1566 1570 1574 1581 1588 1593 1599 1605 1611 1616 1621 1627 1633 1639 1646 1652 1659 1664 1670 1674 1678 1681 1685 1690 1694 1698 1702 1707 1711 1714 1718 1721 1723 1725 1728 1732 1735 1738 1740 1742 1745 1747 1749 1752 1753 1755 1757
1458 1463 1466 1469 1472 1475 1478 1480 1482 1484 1486 1489 1491 1494 1497 1499 1502 1504 1507 1509 1512 1514 1516 1519 1521 1524 1527 1530 1533 1537 1540 1544 1548 1551 1554 1558 1562 1566 1570 1575 1582 1589 1594 1600 1607 1613 1618 1623 1628 1634 1640 1646 1652 1658 1663 1668 1672 1676 1679 1682 1685 1689 1694 1698 1703 1707 1710 1713 1716 1718 1719 1722 1726 1729 1733 1735 1738 1740 1743 1745 1747 1749 1752 1754
1461 1465 1467 1470 1473 1476 1478 1480 1482 1484 1487 1489 1491 1494 1497 1499 1502 1504 1507 1509 1512 1514 1516 1519 1521 1523 1526 1529 1533 1536 1539 1543 1547 1550 1554 1558 1562 1566 1570 1576 1583 1590 1595 1601 1608 1613 1619 1624 1629 1634 1640 1645 1651 1656 1660 1664 1669 1673 1676 1678 1680 1683 1687 1692 1697 1701 1705 1708 1710 1712 1714 1717 1720 1723 1727 1730 1733 1735 1738 1741 1743 1746 1748 1751
1463 1466 1468 1471 1474 1476 1478 1480 1482 1485 1487 1489 1492 1494 1497 1499 1502 1504 1506 1509 1511 1514 1516 1518 1520 1523 1525 1529 1532 1535 1539 1542 1546 1550 1553 1557 1562 1566 1570 1576 1584 1590 1596 1602 1608 1614 1619 1624 1629 1634 1638 1643 1648 1652 1656 1660 1664 1668 1672 1674 1676 1679 1682 1685 1690 1695 1699 1702 1704 1707 1709 1712 1715 1718 1721 1724 1727 1730 1733 1736 1739 1742 1746 1748
1464 1467 1469 1471 1474 1476 1478 1480 1482 1485 1487 1489 1491 1494 1496 1499 1501 1504 1506 1508 1511 1513 1516 1518 1520 1522 1525 1528 1531 1535 1538 1542 1545 1549 1553 1557 1562 1566 1570 1576 1584 1591 1597 1603 1609 1614 1619 1624 1628 1632 1635 1639 1643 1648 1652 1655 1659 1662 1666 1670 1672 1675 1678 1681 1684 1688 1692 1696 1699 1702 1704 1707 1710 1713 1716 1719 1722 1725 1728 1732 1735 1739 1743 1746
1465 1467 1469 1472 1474 1477 1479 1480 1482 1485 1487 1489 1491 1493 1496 1498 1501 1503 1505 1508 1510 1513 1515 1517 1519 1522 1524 1527 1531 1534 1537 1541 1545 1549 1553 1557 1561 1566 1570 1577 1584 1591 1597 1603 1609 1614 1618 1622 1626 1628 1631 1634 1638 1642 1646 1650 1653 1656 1659 1663 1667 1671 1674 1677 1680 1683 1686 1690 1694 1697 1700 1703 1705 1708 1710 1713 1716 1720 1723 1727 1732 1736 1740 1744
1466 1467 1469 1472 1474 1476 1478 1480 1482 1484 1486 1489 1491 1493 1495 1498 1500 1502 1504 1507 1509 1512 1514 1517 1519 1521 1524 1526 1530 1533 1537 1541 1545 1548 1552 1557 1561 1566 1570 1577 1585 1592 1597 1603 1608 1612 1615 1619 1622 1624 1627 1629 1632 1636 1641 1644 1648 1651 1654 1657 1661 1665 1670 1674 1676 1679 1682 1685 1688 1692 1696 1699 1701 1703 1706 1708 1711 1715 1718 1722 1728 1733 1737 1741
1466 1467 1469 1472 1474 1476 1478 1480 1482 1484 1486 1488 1490 1492 1495 1497 1499 1501 1503 1506 1509 1511 1514 1516 1518 1521 1523 1526 1529 1533 1537 1540 1544 1548 1552 1556 1561 1565 1570 1576 1584 1591 1597 1602 1606 1609 1611 1614 1617 1619 1622 1625 1628 1631 1635 1639 1642 1645 1648 1652 1656 1659 1664 1669 1673 1676 1679 1681 1684 1688 1691 1694 1697 1699 1702 1704 1707 1711 1715 1719 1724 1730 1735 1738
1465 1467 1469 1471 1474 1476 1478 1480 1481 1483 1486 1488 1490 1492 1494 1496 1498 1500 1503 1505 1508 1510 1513 1515 1517 1520 1522 1525 1528 1532 1536 1540 1544 1547 1551 1556 1560 1565 1570 1576 1583 1589 1595 1599 1602 1605 1607 1609 1612 1614 1617 1620 1624 1627 1630 1633 1636 1640 1643 1647 1651 1654 1659 1664 1668 1673 1676 1678 1681 1683 1686 1690 1693 1696 1698 1701 1704 1708 1713 1717 1722 1727 1732 1735
1464 1467 1469 1471 1473 1475 1477 1479 1481 1483 1485 1487 1489 1491 1493 1495 1497 1499 1502 1504 1507 1509 1512 1514 1517 1519 1522 1524 1528 1532 1536 1539 1543 1547 1551 1555 1560 1565 1570 1575 1580 1586 1591 1595 1598 1601 1603 1606 1608 1610 1613 1616 1619 1622 1625 1628 1631 1634 1638 1642 1646 1650 1654 1659 1664 1669 1673 1675 1677 1680 1683 1686 1690 1693 1695 1698 1702 1707 1711 1716 1720 1725 1729 1733
1463 1466 1468 1470 1472 1475 1477 1478 1480 1482 1484 1486 1488 1489 1492 1494 1496 1499 1501 1503 1506 1508 1511 1513 1516 1519 1521 1524 1527 1531 1535 1539 1542 1546 1550 1554 1559 1564 1568 1572 1577 1582 1586 1590 1594 1597 1600 1602 1604 1606 1609 1612 1615 1617 1620 1623 1626 1629 1633 1637 1641 1645 1650 1655 1659 1664 1668 1671 1674 1677 1680 1684 1687 1690 1693 1696 1701 1705 1710 1714 1719 1723 1727 1730
1461 1465 1467 1469 1472 1474 1476 1478 1479 1481 1483 1485 1487 1488 1490 1493 1495 1498 1500 1502 1505 1508 1510 1513 1515 1518 1521 1523 1526 1530 1534 1538 1541 1545 1549 1553 1558 1561 1565 1568 1572 1576 1580 1584 1588 1592 1595 1598 1601 1603 1605 1608 1610 1613 1616 1618 1621 1624 1628 1632 1637 1641 1645 1650 1655 1660 1664 1667 1670 1673 1677 1682 1686 1689 1692 1695 1699 1704 1708 1712 1716 1721 1724 1727
1460 1464 1466 1468 1471 1473 1475 1476 1478 1480 1483 1485 1486 1488 1489 1492 1495 1497 1499 1502 1504 1507 1510 1512 1515 1517 1520 1523 1526 1529 1533 1537 1540 1544 1548 1552 1555 1558 1560 1563 1566 1570 1574 1578 1582 1586 1590 1594 1596 1599 1601 1604 1606 1609 1611 1614 1617 1620 1623 1627 1632 1637 1641 1645 1650 1655 1660 1664 1667 1670 1675 1679 1684 1687 1690 1694 1698 1702 1706 1710 1714 1718 1722 1725
1458 1462 1465 1468 1470 1472 1474 1476 1478 1480 1482 1484 1486 1487 1489 1491 1494 1497 1499 1501 1504 1507 1509 1512 1514 1517 1520 1522 1525 1529 1532 1536 1539 1543 1547 1550 1552 1553 1556 1558 1561 1564 1568 1572 1576 1580 1585 1588 1591 1594 1597 1599 1602 1605 1607 1610 1613 1616 1619 1622 1626 1632 1637 1641 1646 1651 1656 1660 1664 1668 1672 1677 1682 1686 1689 1692 1696 1699 1703 1707 1711 1715 1719 1722
1457 1461 1464 1467 1470 1472 1474 1476 1478 1480 1482 1484 1486 1487 1489 1492 1494 1497 1499 1501 1504 1507 1509 1512 1514 1517 1520 1522 1525 1528 1532 1535 1538 1541 1544 1547 1548 1549 1551 1553 1556 1559 1562 1566 1570 1574 1578 1582 1585 1588 1591 1595 1598 1600 1603 1606 1609 1612 1615 1618 1622 1626 1632 1637 1642 1646 1651 1656 1661 1665 1669 1674 1679 1683 1687 1690 1693 1696 1700 1704 1707 1711 1715 1719
1457 1461 1465 1467 1470 1472 1474 1476 1478 1480 1482 1484 1486 1487 1489 1492 1494 1497 1499 1501 1504 1507 1509 1512 1514 1517 1519 1522 1524 1527 1531 1534 1537 1540 1542 1543 1544 1545 1547 1549 1551 1554 1557 1561 1565 1568 1572 1575 1579 1583 1586 1589 1593 1596 1599 1602 1605 1608 1611 1615 1618 1622 1627 1632 1638 1642 1647 1652 1658 1662 1666 1671 1675 1680 1685 1688 1691 1694 1697 1700 1704 1707 1711 1715
1458 1462 1465 1467 1470 1472 1475 1477 1478 1480 1482 1484 1486 1488 1490 1492 1494 1497 1499 1502 1504 1507 1509 1512 1514 1517 1519 1522 1524 1527 1529 1532 1535 1537 1539 1539 1540 1541 1543 1545 1547 1550 1554 1557 1560 1564 1567 1570 1574 1577 1581 1585 1588 1591 1595 1598 1601 1605 1608 1611 1615 1618 1622 1627 1633 1639 1643 1648 1654 1659 1663 1668 1672 1677 1682 1685 1688 1691 1694 1697 1700 1704 1707 1710
1458 1462 1465 1468 1470 1473 1475 1477 1479 1481 1482 1484 1486 1488 1490 1492 1495 1497 1499 1502 1504 1507 1509 1512 1514 1517 1519 1521 1523 1526 1528 1531 1533 1535 1536 1536 1536 1537 1538 1541 1543 1547 1551 1554 1557 1560 1563 1566 1569 1572 1576 1580 1584 1587 1590 1594 1597 1601 1604 1608 1611 1615 1619 1623 1628 1635 1640 1645 1650 1655 1660 1665 1669 1674 1679 1683 1686 1689 1692 1694 1697 1700 1703 1706
1459 1462 1465 1468 1470 1473 1475 1477 1479 1481 1483 1485 1486 1488 1490 1493 1495 1497 1499 1502 1504 1507 1510 1512 1514 1516 1518 1520 1523 1525 1527 1529 1531 1532 1532 1532 1533 1534 1535 1537 1540 1543 1547 1551 1554 1557 1560 1562 1565 1569 1572 1576 1580 1583 1586 1590 1593 1597 1601 1604 1608 1612 1616 1619 1624 1630 1636 1641 1646 1651 1656 1661 1666 1671 1675 1680 1684 1687 1690 1692 1694 1696 1699 1702
1459 1463 1466 1468 1470 1473 1475 1478 1479 1481 1483 1485 1487 1489 1491 1493 1495 1497 1499 1502 1504 1507 1509 1512 1514 1516 1518 1520 1522 1524 1525 1527 1528 1529 1529 1529 1530 1530 1532 1534 1536 1540 1544 1549 1552 1555 1558 1560 1562 1565 1569 1572 1576 1579 1583 1586 1589 1593 1597 1601 1605 1609 1613 1617 1620 1625 1632 1638 1643 1648 1653 1658 1663 1668 1672 1677 1682 1685 1688 1690 1692 1694 1696 1698
1460 1463 1466 1468 1471 1473 1476 1478 1479 1481 1483 1485 1487 1489 1491 1493 1495 1497 1499 1502 1504 1507 1509 1512 1514 1516 1517 1518 1520 1522 1523 1525 1525 1526 1526 1526 1526 1527 1528 1531 1534 1537 1541 1546 1550 1553 1556 1558 1560 1562 1566 1569 1573 1576 1579 1583 1586 1590 1594 1598 1602 1606 1610 1614 1618 1622 1628 1634 1640 1644 1650 1655 1660 1665 1669 1674 1679 1683 1686 1688 1690 1692 1693 1695
1460 1463 1466 1468 1471 1473 1476 1478 1479 1481 1483 1485 1487 1489 1491 1493 1495 1497 1499 1501 1504 1506 1509 1511 1514 1515 1516 1517 1518 1520 1521 1522 1522 1523 1523 1523 1523 1524 1525 1528 1532 1535 1539 1544 1548 1551 1554 1556 1558 1560 1563 1566 1570 1573 1576 1580 1583 1586 1590 1595 1599 1603 1608 1612 1615 1619 1624 1630 1637 1642 1647 1652 1658 1662 1667 1671 1676 1680 1684 1686 1688 1690 1692 1693
1460 1463 1466 1468 1471 1473 1476 1478 1480 1481 1483 1485 1487 1489 1491 1493 1495 1497 1499 1501 1503 1506 1508 1511 1513 1514 1515 1515 1516 1517 1518 1518 1519 1519 1520 1520 1521 1522 1523 1526 1530 1534 1538 1542 1546 1549 1552 1554 1556 1558 1560 1563 1567 1570 1574 1577 1580 1584 1587 1591 1596 1600 1605 1609 1613 1617 1621 1626 1633 1639 1643 1649 1654 1660 1664 1668 1672 1677 1681 1684 1686 1688 1690 1692
1459 1463 1465 1468 1471 1473 1476 1478 1480 1481 1483 1485 1487 1489 1491 1493 1495 1497 1499 1501 1503 1505 1507 1510 1511 1513 1513 1513 1514 1514 1514 1515 1515 1516 1516 1517 1519 1521 1522 1524 1528 1532 1536 1540 1543 1547 1550 1552 1554 1556 1559 1561 1564 1568 1571 1574 1578 1581 1585 1588 1593 1597 1602 1607 1611 1615 1619 1623 1629 1636 1641 1645 1651 1657 1662 1665 1669 1673 1677 1681 1684 1686 1688 1690
1459 1462 1465 1468 1470 1473 1476 1478 1480 1482 1483 1485 1487 1489 1491 1493 1495 1497 1499 1501 1503 1504 1506 1508 1510 1511 1511 1511 1512 1512 1512 1512 1512 1513 1514 1515 1516 1519 1521 1523 1526 1530 1534 1537 1541 1544 1547 1550 1552 1555 1557 1559 1562 1566 1569 1572 1575 1579 1582 1586 1590 1594 1599 1604 1608 1613 1616 1620 1626 1632 1638 1642 1647 1653 1659 1663 1666 1670 1673 1677 1681 1684 1686 1688
1459 1462 1465 1468 1470 1473 1476 1478 1480 1482 1483 1485 1487 1489 1491 1493 1495 1497 1498 1500 1502 1504 1505 1506 1508 1508 1509 1509 1509 1510 1510 1510 1511 1511 1512 1513 1515 1517 1520 1522 1525 1528 1532 1535 1538 1541 1545 1548 1550 1553 1555 1558 1560 1564 1567 1570 1573 1576 1580 1584 1587 1592 1597 1601 1606 1610 1614 1618 1623 1629 1635 1640 1644 1649 1655 1660 1664 1667 1671 1674 1679 1682 1685 1687
1459 1462 1465 1468 1470 1473 1476 1478 1480 1481 1483 1485 1487 1489 1491 1492 1494 1496 1498 1500 1501 1503 1504 1505 1506 1506 1507 1507 1507 1508 1508 1509 1509 1510 1511 1512 1514 1516 1519 1521 1524 1527 1530 1533 1536 1539 1542 1545 1548 1551 1553 1556 1559 1562 1565 1568 1571 1574 1578 1581 1585 1589 1594 1599 1604 1608 1613 1617 1621 1626 1632 1637 1642 1646 1652 1657 1662 1665 1669 1673 1677 1680 1683 1685
1459 1462 1465 1468 1470 1473 1476 1478 1480 1481 1483 1485 1487 1489 1491 1492 1494 1495 1497 1499 1500 1502 1503 1503 1504 1505 1505 1505 1505 1506 1506 1507 1507 1508 1510 1511 1513 1515 1518 1520 1523 1526 1528 1531 1534 1537 1540 1543 1546 1549 1552 1554 1557 1560 1563 1566 1569 1572 1576 1579 1583 1587 1592 1597 1602 1606 1611 1615 1619 1624 1629 1635 1640 1644 1649 1654 1659 1663 1668 1672 1675 1678 1681 1684
1459 1462 1465 1468 1470 1473 1476 1478 1480 1481 1483 1485 1487 1489 1490 1492 1493 1495 1496 1498 1499 1500 1501 1502 1502 1503 1503 1503 1503 1504 1504 1505 1506 1507 1509 1510 1512 1514 1517 1519 1522 1524 1527 1530 1532 1535 1537 1540 1544 1547 1550 1553 1556 1559 1561 1564 1568 1571 1574 1577 1581 1585 1590 1595 1600 1605 1609 1613 1617 1621 1627 1633 1638 1642 1646 1651 1656 1661 1666 1671 1674 1677 1679 1681
1459 1462 1465 1468 1470 1473 1476 1478 1479 1481 1483 1485 1487 1489 1490 1491 1492 1494 1495 1496 1498 1499 1499 1500 1500 1501 1501 1501 1501 1501 1502 1502 1504 1506 1507 1509 1511 1513 1516 1518 1520 1523 1525 1528 1531 1533 1536 1538 1541 1545 1548 1551 1554 1557 1560 1563 1566 1569 1572 1576 1579 1583 1587 1593 1598 1603 1607 1612 1616 1620 1625 1631 1636 1640 1644 1649 1654 1659 1664 1669 1673 1675 1677 1679
1459 1462 1465 1468 1470 1473 1475 1477 1479 1481 1483 1485 1487 1488 1490 1491 1492 1493 1494 1495 1496 1497 1497 1498 1498 1499 1499 1499 1499 1500 1500 1501 1502 1504 1506 1508 1510 1512 1515 1517 1519 1521 1524 1526 1529 1531 1534 1536 1539 1542 1546 1550 1553 1555 1558 1561 1564 1567 1571 1574 1578 1582 1586 1590 1596 1601 1605 1610 1614 1619 1623 1629 1634 1639 1643 1647 1652 1657 1662 1667 1671 1673 1675 1676
1459 1462 1465 1468 1470 1473 1475 1477 1479 1481 1482 1484 1486 1488 1489 1490 1491 1492 1492 1493 1494 1495 1495 1496 1496 1496 1497 1497 1497 1498 1499 1500 1501 1503 1505 1507 1509 1511 1513 1516 1518 1520 1522 1525 1527 1529 1532 1534 1537 1540 1544 1548 1551 1554 1557 1560 1563 1566 1569 1573 1576 1580 1584 1588 1594 1599 1604 1609 1613 1617 1621 1627 1633 1638 1642 1646 1651 1656 1660 1665 1668 1671 1673 1674
1458 1462 1465 1468 1470 1473 1475 1477 1479 1481 1482 1484 1485 1487 1488 1489 1490 1490 1491 1491 1492 1493 1493 1494 1494 1494 1495 1495 1496 1496 1497 1499 1500 1502 1504 1506 1508 1510 1512 1514 1516 1518 1520 1523 1525 1527 1530 1532 1535 1538 1541 1545 1549 1552 1555 1558 1561 1564 1568 1571 1575 1578 1582 1587 1592 1597 1602 1607 1612 1616 1620 1625 1631 1636 1641 1645 1649 1654 1659 1663 1666 1669 1671 1672
1458 1462 1465 1468 1470 1473 1475 1477 1479 1480 1482 1483 1484 1486 1487 1487 1488 1489 1489 1490 1490 1491 1491 1491 1492 1492 1492 1493 1494 1495 1496 1497 1499 1501 1502 1504 1506 1508 1510 1512 1514 1516 1518 1520 1523 1525 1527 1530 1533 1536 1539 1543 1547 1551 1554 1557 1560 1563 1566 1570 1573 1577 1581 1585 1590 1595 1600 1605 1610 1615 1619 1624 1629 1635 1639 1644 1648 1653 1658 1662 1664 1666 1668 1669
1458 1462 1465 1467 1470 1473 1475 1477 1479 1480 1481 1482 1483 1484 1485 1485 1486 1487 1487 1488 1488 1489 1489 1489 1490 1490 1490 1490 1492 1493 1495 1496 1498 1499 1501 1503 1505 1506 1508 1510 1512 1514 1516 1518 1520 1522 1525 1528 1531 1534 1538 1542 1546 1549 1553 1555 1558 1561 1565 1568 1572 1575 1579 1583 1588 1593 1598 1604 1609 1613 1618 1622 1628 1633 1638 1642 1646 1651 1656 1660 1662 1663 1664 1665
1458 1461 1465 1467 1470 1473 1475 1477 1478 1479 1480 1481 1481 1482 1483 1483 1484 1484 1485 1485 1486 1486 1487 1487 1487 1488 1488 1489 1490 1492 1493 1495 1496 1498 1500 1501 1503 1505 1506 1508 1510 1512 1514 1515 1517 1520 1523 1526 1529 1532 1536 1540 1544 1548 1551 1554 1557 1560 1563 1567 1570 1574 1578 1582 1586 1591 1597 1602 1607 1612 1616 1621 1626 1632 1637 1641 1645 1649 1654 1658 1660 1661 1661 1661
1457 1461 1464 1467 1470 1472 1475 1477 1478 1478 1479 1479 1479 1480 1481 1481 1481 1482 1482 1483 1483 1484 1484 1485 1485 1485 1486 1487 1489 1490 1492 1493 1495 1496 1498 1499 1501 1503 1504 1506 1508 1510 1511 1513 1515 1517 1521 1524 1527 1531 1534 1538 1542 1546 1550 1553 1556 1559 1562 1566 1569 1573 1576 1580 1584 1589 1595 1600 1605 1610 1615 1619 1624 1630 1634 1639 1643 1647 1651 1654 1656 1657 1658 1658
1457 1461 1464 1467 1469 1472 1475 1476 1477 1477 1478 1478 1478 1478 1479 1479 1479 1479 1480 1480 1480 1481 1481 1482 1482 1483 1484 1486 1487 1489 1490 1492 1493 1495 1497 1498 1499 1501 1502 1504 1505 1507 1509 1510 1512 1515 1519 1522 1525 1529 1532 1536 1540 1544 1548 1552 1555 1558 1561 1564 1568 1571 1575 1579 1583 1587 1593 1599 1604 1609 1613 1618 1622 1627 1632 1636 1640 1644 1648 1650 1652 1653 1653 1654
