fishcamp/DEMNED03.asc
ncols 200
nrows 100
xllcorner 268000
yllcorner 4149000
cellsize 10.00
nodata_value -32767
[rows 38 to 75 of 100, columns 84 to 167 of 200]
1759 1762 1764 1767 1770 1774 1777 1781 1786 1792 1798 1804 1808 1811 1814 1815 1814 1813 1810 1807 1804 1801 1799 1796 1794 1792 1789 1786 1783 1780 1778 1777 1775 1773 1771 1769 1768 1768 1767 1767 1766 1764 1762 1760 1757 1754 1751 1749 1749 1748 1747 1745 1742 1739 1735 1731 1725 1720 1718 1718 1719 1720 1719 1717 1713 1709 1706 1704 1705 1708 1710 1712 1714 1716 1719 1720 1721 1722 1722 1722 1723 1723 1724 1725
1755 1758 1761 1764 1767 1770 1774 1777 1781 1786 1792 1798 1803 1808 1814 1818 1818 1816 1813 1810 1806 1803 1801 1799 1796 1794 1791 1788 1785 1782 1780 1778 1776 1775 1773 1771 1770 1770 1770 1769 1768 1766 1764 1762 1759 1757 1756 1755 1754 1752 1750 1747 1745 1741 1737 1733 1728 1724 1723 1724 1725 1725 1723 1720 1717 1713 1709 1706 1705 1706 1708 1710 1712 1714 1716 1718 1719 1720 1720 1721 1722 1723 1723 1724
1753 1755 1758 1761 1764 1767 1770 1774 1777 1781 1786 1792 1797 1803 1809 1817 1820 1819 1816 1812 1808 1805 1803 1801 1799 1796 1794 1791 1787 1784 1781 1779 1778 1777 1776 1775 1774 1774 1773 1772 1770 1768 1766 1764 1762 1760 1760 1759 1758 1756 1753 1749 1747 1743 1738 1734 1730 1728 1728 1730 1730 1730 1728 1724 1719 1716 1712 1709 1707 1706 1707 1708 1709 1711 1713 1715 1717 1718 1719 1720 1721 1722 1722 1723
1751 1753 1755 1758 1761 1765 1768 1771 1774 1778 1781 1786 1792 1797 1802 1809 1817 1820 1818 1815 1810 1807 1805 1803 1801 1798 1796 1793 1790 1786 1782 1780 1779 1778 1778 1779 1779 1778 1777 1775 1773 1771 1768 1766 1765 1764 1763 1762 1760 1758 1755 1751 1748 1744 1740 1735 1731 1730 1731 1734 1734 1734 1732 1728 1722 1718 1715 1713 1711 1709 1708 1708 1708 1710 1711 1713 1715 1717 1718 1719 1720 1721 1721 1722
1749 1751 1753 1756 1759 1762 1765 1768 1772 1775 1778 1782 1787 1792 1797 1801 1807 1812 1814 1813 1811 1809 1807 1805 1803 1800 1797 1795 1791 1787 1784 1781 1780 1780 1781 1782 1782 1782 1781 1779 1776 1774 1771 1769 1769 1768 1767 1765 1762 1759 1756 1753 1749 1745 1741 1737 1733 1732 1733 1737 1739 1739 1736 1732 1727 1722 1719 1717 1715 1713 1711 1710 1709 1710 1711 1712 1714 1715 1717 1718 1719 1720 1720 1721
1746 1749 1751 1754 1756 1759 1762 1766 1769 1772 1776 1779 1783 1788 1792 1796 1800 1804 1807 1809 1810 1810 1808 1807 1805 1802 1798 1795 1792 1788 1785 1783 1782 1783 1784 1784 1785 1784 1783 1782 1779 1777 1774 1773 1772 1771 1770 1767 1764 1761 1757 1754 1750 1746 1742 1738 1736 1735 1736 1740 1744 1743 1741 1736 1732 1727 1723 1721 1719 1717 1715 1713 1712 1712 1712 1712 1713 1715 1716 1718 1719 1719 1720 1721
1744 1747 1749 1751 1754 1757 1760 1763 1766 1770 1773 1776 1780 1784 1788 1792 1796 1800 1803 1806 1808 1809 1809 1808 1806 1803 1799 1795 1792 1789 1787 1785 1785 1786 1787 1788 1788 1787 1786 1784 1782 1780 1778 1776 1775 1773 1772 1769 1766 1762 1759 1755 1751 1746 1743 1741 1739 1739 1740 1743 1745 1745 1744 1740 1737 1733 1729 1726 1723 1721 1719 1717 1715 1714 1713 1713 1713 1715 1716 1717 1718 1719 1720 1721
1741 1744 1747 1749 1752 1754 1757 1760 1764 1767 1770 1774 1777 1781 1785 1789 1792 1796 1799 1803 1805 1807 1809 1808 1807 1803 1799 1795 1792 1790 1789 1788 1789 1790 1791 1792 1792 1790 1789 1787 1785 1782 1780 1779 1778 1776 1773 1771 1767 1764 1760 1756 1752 1748 1745 1743 1742 1742 1742 1744 1746 1746 1745 1744 1741 1737 1733 1730 1727 1724 1721 1719 1717 1716 1715 1714 1714 1715 1716 1717 1718 1719 1720 1722
1738 1741 1744 1747 1749 1752 1755 1758 1761 1764 1768 1771 1775 1778 1782 1785 1789 1792 1796 1799 1802 1805 1808 1808 1807 1804 1800 1795 1792 1791 1790 1790 1791 1793 1794 1795 1794 1793 1792 1789 1787 1785 1783 1782 1781 1778 1775 1772 1768 1765 1761 1757 1755 1752 1749 1747 1745 1744 1744 1745 1747 1747 1746 1745 1744 1740 1736 1733 1730 1726 1723 1720 1719 1718 1717 1715 1715 1715 1716 1717 1718 1719 1720 1721
1736 1739 1741 1744 1747 1750 1752 1755 1758 1762 1765 1768 1772 1775 1779 1783 1786 1789 1793 1796 1799 1803 1806 1808 1807 1805 1801 1796 1793 1792 1792 1793 1794 1795 1797 1797 1797 1796 1794 1792 1790 1788 1786 1785 1783 1781 1778 1774 1770 1766 1763 1760 1758 1756 1753 1751 1749 1747 1747 1748 1749 1748 1747 1746 1745 1743 1739 1735 1732 1728 1725 1723 1721 1721 1720 1718 1717 1716 1716 1717 1718 1719 1720 1722
1733 1736 1738 1741 1744 1747 1750 1753 1755 1759 1762 1766 1769 1773 1776 1780 1783 1787 1790 1793 1797 1800 1804 1807 1807 1805 1802 1798 1796 1795 1795 1796 1797 1798 1799 1800 1800 1799 1797 1795 1793 1791 1789 1788 1785 1783 1780 1776 1772 1769 1766 1764 1761 1759 1757 1754 1752 1751 1749 1750 1750 1749 1748 1747 1746 1744 1740 1736 1733 1730 1728 1727 1726 1725 1724 1722 1721 1719 1718 1717 1718 1719 1721 1723
1730 1733 1735 1738 1741 1744 1747 1750 1753 1756 1759 1762 1766 1770 1773 1777 1781 1784 1787 1790 1794 1798 1802 1805 1807 1807 1805 1803 1801 1801 1800 1800 1800 1801 1802 1803 1803 1802 1800 1798 1796 1794 1792 1790 1788 1785 1781 1778 1775 1772 1769 1767 1764 1761 1759 1757 1755 1753 1752 1751 1750 1749 1748 1747 1746 1744 1740 1736 1733 1732 1731 1731 1731 1730 1729 1727 1725 1723 1721 1719 1718 1720 1722 1724
1727 1730 1732 1735 1738 1741 1744 1747 1750 1753 1756 1759 1763 1767 1770 1774 1778 1781 1785 1788 1791 1795 1799 1803 1807 1807 1806 1806 1806 1805 1805 1804 1804 1804 1805 1806 1806 1805 1803 1802 1800 1798 1796 1793 1790 1787 1783 1780 1777 1775 1772 1769 1766 1764 1761 1759 1757 1755 1753 1752 1750 1748 1747 1746 1745 1743 1740 1737 1735 1735 1735 1735 1735 1735 1734 1732 1730 1728 1725 1722 1719 1720 1722 1725
1725 1727 1729 1732 1735 1737 1740 1743 1746 1749 1752 1756 1759 1763 1767 1771 1775 1778 1782 1785 1788 1792 1796 1800 1805 1807 1807 1807 1808 1808 1807 1807 1806 1807 1807 1808 1809 1808 1807 1805 1804 1802 1799 1796 1792 1789 1785 1783 1781 1778 1775 1772 1768 1766 1763 1761 1758 1756 1754 1752 1749 1747 1746 1745 1744 1742 1741 1740 1740 1740 1740 1740 1740 1740 1739 1738 1736 1733 1730 1725 1721 1720 1721 1725
1722 1724 1726 1729 1731 1734 1736 1739 1743 1746 1749 1752 1756 1760 1764 1768 1772 1775 1778 1781 1785 1788 1792 1797 1802 1805 1808 1809 1809 1810 1810 1809 1809 1809 1810 1811 1811 1811 1810 1809 1808 1806 1802 1798 1794 1790 1788 1786 1783 1781 1778 1775 1771 1767 1765 1762 1760 1757 1755 1752 1748 1746 1744 1744 1743 1742 1743 1743 1744 1745 1745 1746 1746 1745 1745 1744 1742 1739 1735 1730 1725 1722 1722 1725
1718 1721 1723 1726 1728 1730 1733 1735 1739 1742 1745 1749 1752 1756 1760 1764 1768 1772 1775 1778 1781 1784 1788 1793 1798 1803 1807 1809 1810 1811 1812 1812 1812 1812 1812 1813 1814 1814 1813 1813 1812 1809 1805 1801 1796 1793 1790 1788 1786 1783 1781 1777 1773 1769 1766 1763 1761 1758 1756 1753 1748 1745 1744 1743 1743 1743 1745 1747 1749 1751 1752 1752 1752 1751 1751 1750 1748 1745 1741 1735 1730 1726 1724 1726
1714 1717 1720 1722 1725 1727 1729 1732 1735 1738 1742 1745 1748 1752 1756 1760 1764 1768 1771 1774 1777 1780 1784 1789 1794 1800 1805 1808 1811 1813 1814 1814 1814 1814 1815 1816 1816 1817 1817 1817 1816 1813 1808 1803 1800 1796 1793 1791 1788 1785 1783 1779 1775 1771 1767 1765 1762 1759 1756 1753 1750 1747 1746 1745 1744 1746 1749 1752 1755 1757 1758 1758 1758 1757 1756 1755 1753 1750 1746 1740 1734 1730 1727 1727
1709 1713 1716 1719 1722 1724 1727 1729 1732 1735 1738 1741 1745 1748 1752 1756 1760 1763 1767 1770 1773 1776 1779 1784 1791 1797 1802 1806 1809 1813 1815 1816 1816 1816 1817 1818 1819 1820 1821 1821 1819 1816 1812 1807 1803 1799 1796 1793 1790 1787 1784 1780 1776 1772 1769 1765 1763 1760 1757 1754 1752 1751 1750 1748 1747 1749 1753 1757 1760 1762 1763 1764 1764 1763 1761 1760 1757 1754 1749 1744 1738 1732 1729 1728
1705 1709 1712 1715 1719 1722 1724 1726 1728 1731 1734 1737 1741 1744 1748 1752 1755 1759 1762 1765 1768 1772 1776 1781 1787 1793 1799 1804 1808 1812 1816 1818 1818 1819 1820 1822 1823 1825 1825 1824 1822 1820 1816 1811 1806 1802 1798 1795 1791 1788 1785 1782 1778 1774 1770 1766 1763 1761 1758 1755 1755 1755 1755 1753 1752 1753 1756 1761 1764 1766 1768 1769 1769 1768 1766 1764 1760 1757 1752 1747 1742 1735 1731 1730
1702 1705 1708 1712 1716 1719 1722 1723 1724 1726 1729 1733 1737 1740 1744 1747 1751 1754 1757 1760 1764 1768 1773 1778 1784 1790 1796 1801 1806 1811 1815 1819 1820 1822 1824 1826 1828 1829 1829 1828 1826 1822 1819 1814 1809 1805 1801 1796 1792 1789 1785 1783 1779 1775 1770 1767 1764 1761 1758 1757 1757 1758 1759 1757 1755 1755 1758 1764 1768 1772 1774 1774 1773 1771 1770 1767 1763 1759 1755 1750 1745 1739 1734 1731
1698 1701 1705 1709 1712 1716 1718 1719 1719 1721 1724 1729 1733 1736 1739 1743 1746 1749 1752 1756 1760 1764 1769 1775 1780 1786 1792 1798 1803 1808 1813 1818 1820 1823 1826 1829 1831 1832 1832 1831 1828 1824 1820 1816 1811 1807 1802 1797 1793 1789 1786 1783 1779 1775 1771 1768 1765 1762 1760 1759 1760 1762 1761 1760 1757 1757 1760 1766 1771 1777 1780 1779 1776 1773 1771 1769 1765 1760 1757 1753 1748 1743 1738 1734
1695 1699 1703 1706 1710 1712 1713 1714 1715 1717 1720 1724 1728 1732 1735 1738 1741 1744 1747 1751 1756 1761 1766 1771 1777 1782 1788 1795 1800 1805 1809 1814 1818 1822 1825 1830 1832 1832 1832 1830 1827 1824 1820 1817 1812 1808 1803 1798 1793 1789 1786 1783 1779 1775 1771 1768 1766 1764 1763 1763 1765 1766 1766 1763 1761 1760 1763 1768 1773 1779 1782 1781 1777 1773 1771 1769 1765 1761 1758 1755 1750 1745 1741 1737
1694 1697 1700 1703 1706 1708 1709 1709 1710 1714 1717 1720 1724 1728 1731 1733 1736 1739 1743 1747 1752 1757 1763 1768 1773 1778 1783 1790 1796 1801 1805 1809 1814 1818 1822 1826 1829 1830 1829 1827 1825 1822 1820 1816 1812 1808 1803 1797 1793 1789 1786 1783 1779 1775 1771 1768 1766 1765 1766 1767 1769 1770 1770 1768 1766 1765 1766 1769 1772 1777 1779 1778 1774 1771 1769 1767 1765 1761 1759 1756 1752 1747 1743 1740
1692 1695 1698 1700 1702 1704 1704 1705 1707 1710 1714 1717 1720 1723 1726 1729 1731 1734 1738 1743 1749 1754 1759 1764 1769 1774 1779 1785 1792 1797 1801 1804 1808 1813 1817 1821 1823 1824 1823 1822 1821 1819 1817 1814 1810 1806 1802 1796 1792 1789 1785 1782 1779 1774 1770 1768 1766 1767 1768 1770 1773 1775 1775 1772 1770 1768 1768 1769 1771 1774 1774 1772 1770 1768 1767 1765 1763 1761 1759 1757 1754 1749 1745 1742
1691 1693 1695 1697 1698 1699 1700 1701 1704 1708 1711 1714 1717 1719 1722 1724 1726 1729 1733 1739 1745 1750 1756 1761 1766 1771 1775 1780 1787 1793 1798 1800 1804 1807 1811 1814 1816 1817 1817 1817 1816 1815 1813 1811 1808 1804 1799 1794 1791 1788 1785 1781 1778 1774 1770 1768 1767 1768 1770 1775 1779 1781 1780 1778 1775 1772 1771 1772 1772 1772 1771 1769 1768 1766 1765 1763 1762 1760 1759 1757 1754 1749 1746 1743
1689 1691 1693 1694 1695 1695 1696 1697 1700 1704 1707 1710 1713 1715 1718 1720 1722 1725 1729 1734 1740 1746 1752 1757 1763 1768 1773 1777 1781 1788 1794 1797 1800 1802 1805 1807 1810 1811 1811 1811 1810 1810 1809 1807 1805 1801 1796 1793 1789 1786 1783 1780 1777 1773 1770 1768 1768 1769 1774 1780 1784 1786 1785 1783 1779 1777 1776 1776 1775 1773 1771 1769 1767 1765 1764 1762 1760 1759 1758 1756 1753 1749 1746 1744
1687 1688 1690 1691 1692 1692 1693 1694 1697 1700 1703 1706 1708 1710 1713 1715 1718 1721 1725 1730 1735 1741 1747 1754 1760 1765 1770 1775 1778 1783 1789 1793 1795 1797 1800 1802 1804 1805 1805 1805 1805 1804 1803 1802 1800 1797 1793 1791 1788 1785 1782 1779 1776 1772 1769 1768 1769 1773 1779 1785 1789 1791 1790 1787 1783 1781 1779 1778 1776 1774 1771 1769 1767 1765 1763 1761 1759 1757 1756 1754 1752 1749 1746 1744
1685 1686 1687 1688 1689 1690 1691 1692 1694 1696 1699 1701 1704 1706 1708 1710 1714 1718 1722 1727 1732 1737 1744 1751 1757 1764 1769 1773 1777 1780 1784 1788 1791 1793 1794 1796 1798 1799 1800 1799 1799 1798 1798 1796 1795 1793 1791 1789 1786 1783 1781 1778 1775 1772 1770 1770 1773 1777 1783 1789 1794 1795 1794 1790 1786 1783 1781 1779 1777 1774 1771 1769 1767 1765 1763 1760 1758 1756 1754 1753 1750 1748 1746 1744
1683 1684 1684 1685 1686 1687 1688 1690 1691 1693 1695 1697 1699 1702 1704 1706 1710 1715 1720 1725 1729 1735 1742 1748 1755 1762 1767 1771 1775 1778 1781 1784 1786 1788 1790 1791 1793 1794 1795 1794 1794 1793 1793 1792 1791 1790 1789 1787 1785 1782 1780 1778 1776 1774 1773 1774 1777 1781 1787 1792 1796 1796 1795 1792 1789 1785 1783 1780 1777 1774 1771 1769 1767 1765 1762 1760 1758 1756 1754 1752 1750 1748 1745 1744
1680 1681 1682 1682 1683 1684 1685 1687 1689 1691 1692 1694 1695 1697 1700 1703 1707 1713 1718 1723 1728 1733 1739 1746 1753 1759 1765 1769 1772 1775 1777 1780 1782 1783 1785 1786 1788 1789 1789 1789 1789 1789 1788 1788 1788 1788 1787 1786 1784 1782 1780 1778 1777 1777 1777 1778 1780 1784 1790 1795 1797 1797 1795 1793 1790 1787 1784 1781 1778 1774 1771 1769 1766 1765 1762 1760 1758 1756 1754 1752 1750 1748 1746 1744
1677 1678 1679 1679 1680 1681 1683 1684 1686 1688 1690 1691 1693 1694 1697 1701 1706 1711 1716 1721 1726 1732 1737 1743 1750 1757 1762 1766 1769 1772 1774 1776 1777 1779 1780 1781 1782 1783 1783 1784 1784 1784 1784 1784 1785 1785 1786 1785 1784 1782 1780 1779 1779 1780 1780 1781 1783 1788 1793 1796 1798 1797 1796 1794 1791 1787 1784 1781 1778 1774 1771 1768 1766 1764 1762 1760 1758 1756 1754 1753 1751 1749 1746 1745
1675 1675 1675 1676 1677 1679 1680 1682 1684 1685 1687 1689 1690 1692 1695 1699 1704 1709 1714 1720 1725 1730 1735 1740 1746 1753 1759 1763 1766 1769 1770 1772 1773 1774 1775 1776 1777 1777 1778 1778 1779 1780 1781 1781 1783 1784 1785 1786 1785 1784 1782 1782 1782 1782 1783 1784 1787 1791 1795 1797 1799 1798 1796 1794 1791 1788 1785 1781 1778 1775 1771 1768 1767 1765 1762 1760 1759 1757 1755 1753 1751 1749 1748 1746
1672 1672 1672 1673 1674 1676 1677 1679 1681 1683 1684 1686 1688 1691 1693 1697 1702 1707 1712 1718 1723 1728 1733 1737 1742 1748 1755 1759 1762 1765 1766 1768 1769 1770 1771 1772 1772 1772 1773 1773 1774 1776 1778 1780 1782 1784 1786 1788 1788 1788 1786 1786 1786 1786 1787 1788 1790 1794 1796 1799 1800 1799 1797 1795 1792 1788 1785 1781 1778 1775 1771 1768 1766 1765 1763 1761 1759 1757 1755 1754 1752 1751 1749 1748
1669 1669 1669 1669 1671 1673 1674 1676 1678 1680 1682 1683 1685 1688 1692 1695 1700 1705 1710 1715 1720 1725 1730 1734 1739 1743 1749 1755 1759 1761 1762 1763 1764 1765 1766 1767 1767 1768 1768 1769 1770 1772 1776 1780 1783 1786 1788 1790 1792 1792 1791 1791 1790 1790 1790 1791 1793 1796 1799 1801 1802 1801 1799 1795 1792 1789 1785 1781 1778 1774 1771 1768 1766 1765 1763 1761 1759 1757 1756 1755 1754 1753 1751 1750
1665 1665 1665 1666 1667 1669 1671 1673 1675 1677 1679 1681 1683 1686 1690 1694 1698 1703 1708 1713 1718 1722 1727 1731 1736 1739 1744 1749 1754 1757 1758 1759 1760 1760 1760 1761 1762 1763 1764 1766 1768 1771 1775 1780 1784 1788 1791 1793 1794 1795 1795 1795 1794 1793 1793 1795 1797 1799 1802 1804 1805 1804 1800 1796 1792 1789 1785 1782 1778 1774 1771 1768 1767 1765 1763 1761 1760 1758 1757 1756 1755 1755 1754 1753
1662 1661 1661 1661 1663 1665 1668 1670 1672 1674 1677 1679 1682 1685 1688 1692 1696 1701 1705 1710 1715 1719 1724 1728 1732 1736 1740 1744 1748 1751 1753 1754 1755 1755 1756 1756 1757 1759 1761 1764 1767 1771 1776 1781 1785 1790 1793 1796 1798 1799 1799 1798 1798 1797 1797 1798 1800 1802 1804 1806 1806 1805 1801 1797 1793 1789 1785 1782 1778 1774 1771 1768 1767 1765 1764 1762 1761 1760 1759 1758 1757 1757 1756 1755
1658 1658 1657 1657 1658 1661 1663 1666 1669 1672 1675 1678 1680 1683 1686 1690 1694 1698 1702 1707 1712 1716 1720 1724 1729 1733 1736 1739 1742 1745 1747 1749 1750 1750 1751 1753 1754 1757 1760 1764 1767 1772 1777 1782 1787 1792 1796 1799 1802 1803 1803 1802 1802 1801 1801 1802 1804 1805 1807 1808 1808 1805 1802 1797 1793 1789 1785 1782 1778 1774 1771 1768 1767 1765 1764 1763 1763 1762 1761 1760 1759 1758 1758 1757
1654 1653 1653 1653 1654 1656 1659 1663 1667 1670 1673 1676 1679 1682 1685 1688 1692 1695 1699 1704 1708 1712 1717 1721 1725 1729 1732 1735 1737 1740 1742 1743 1745 1746 1747 1750 1753 1756 1760 1764 1768 1772 1777 1783 1789 1795 1799 1803 1806 1807 1807 1806 1805 1805 1805 1805 1807 1808 1809 1810 1808 1805 1801 1796 1792 1789 1785 1782 1778 1774 1771 1768 1767 1766 1765 1765 1765 1764 1763 1762 1761 1760 1759 1758
