fishcamp/DEMNED03.asc
ncols 200
nrows 100
xllcorner 268000
yllcorner 4149000
cellsize 10.00
nodata_value -32767
[rows 0 to 37 of 100, columns 84 to 167 of 200]
1679 1679 1681 1684 1686 1689 1693 1696 1696 1696 1695 1692 1687 1682 1679 1675 1671 1668 1665 1661 1659 1659 1663 1667 1670 1671 1672 1671 1670 1668 1665 1662 1659 1656 1653 1652 1651 1650 1649 1649 1648 1647 1645 1642 1640 1639 1639 1640 1644 1649 1652 1654 1654 1653 1653 1653 1653 1654 1654 1655 1655 1656 1656 1657 1658 1658 1658 1659 1660 1660 1661 1662 1664 1667 1670 1674 1680 1684 1689 1693 1697 1699 1701 1703
1682 1682 1682 1684 1686 1688 1691 1694 1695 1694 1691 1688 1684 1680 1677 1673 1670 1668 1666 1663 1662 1664 1668 1672 1674 1675 1675 1675 1674 1673 1672 1670 1668 1667 1666 1664 1663 1662 1660 1659 1657 1655 1652 1648 1645 1643 1642 1641 1641 1644 1647 1648 1648 1648 1648 1649 1650 1651 1652 1653 1653 1654 1654 1654 1654 1655 1656 1656 1657 1658 1658 1659 1661 1664 1667 1672 1677 1682 1686 1691 1695 1697 1698 1699
1685 1684 1684 1685 1687 1688 1690 1692 1692 1691 1689 1686 1683 1680 1676 1672 1670 1669 1669 1668 1668 1670 1672 1675 1676 1677 1678 1679 1679 1678 1677 1676 1676 1678 1677 1676 1675 1673 1672 1669 1666 1662 1658 1654 1649 1647 1645 1644 1642 1642 1643 1644 1644 1645 1645 1646 1647 1648 1650 1651 1651 1651 1652 1653 1655 1657 1658 1658 1658 1658 1658 1659 1659 1661 1663 1667 1674 1679 1684 1687 1691 1694 1695 1695
1688 1687 1687 1688 1689 1690 1691 1691 1690 1690 1687 1685 1682 1680 1676 1674 1673 1672 1672 1673 1673 1674 1676 1677 1679 1680 1681 1683 1684 1683 1682 1680 1681 1684 1685 1684 1683 1682 1681 1679 1674 1669 1664 1659 1654 1651 1649 1647 1644 1643 1643 1644 1644 1645 1645 1645 1646 1647 1648 1649 1650 1651 1653 1656 1659 1661 1662 1663 1663 1663 1663 1663 1663 1663 1663 1664 1669 1676 1680 1684 1687 1690 1691 1691
1691 1690 1690 1691 1692 1693 1693 1693 1692 1691 1688 1685 1683 1681 1679 1678 1677 1676 1676 1677 1677 1678 1679 1680 1682 1684 1686 1688 1689 1690 1690 1688 1687 1689 1690 1690 1689 1688 1687 1685 1681 1676 1670 1664 1660 1658 1654 1650 1647 1645 1646 1649 1651 1652 1652 1651 1649 1647 1647 1650 1652 1654 1655 1658 1662 1665 1667 1669 1670 1670 1670 1670 1669 1667 1666 1665 1666 1671 1676 1680 1683 1685 1687 1687
1693 1693 1693 1693 1694 1695 1695 1695 1694 1692 1689 1686 1685 1684 1683 1682 1681 1681 1681 1681 1681 1681 1682 1684 1686 1689 1692 1694 1695 1697 1697 1696 1696 1696 1696 1695 1694 1692 1691 1689 1686 1682 1676 1671 1667 1663 1660 1655 1650 1647 1651 1657 1661 1663 1663 1661 1658 1656 1656 1657 1658 1657 1657 1660 1664 1669 1672 1674 1676 1677 1677 1677 1675 1672 1670 1668 1666 1668 1670 1674 1678 1681 1682 1682
1695 1695 1694 1695 1696 1697 1697 1697 1695 1693 1690 1688 1687 1686 1686 1685 1685 1685 1685 1685 1686 1687 1688 1690 1692 1695 1697 1699 1700 1701 1702 1702 1702 1702 1702 1700 1698 1697 1695 1692 1689 1686 1681 1676 1673 1669 1664 1660 1654 1650 1655 1662 1668 1671 1671 1670 1668 1667 1666 1665 1664 1662 1661 1663 1667 1671 1676 1680 1682 1682 1683 1683 1681 1678 1674 1671 1669 1668 1667 1669 1672 1674 1675 1676
1698 1697 1697 1697 1698 1698 1699 1698 1696 1694 1691 1690 1689 1689 1689 1688 1688 1689 1689 1690 1691 1693 1694 1696 1698 1700 1702 1703 1705 1706 1707 1708 1708 1708 1707 1706 1703 1700 1698 1695 1692 1688 1684 1680 1676 1673 1669 1664 1659 1655 1657 1664 1670 1674 1676 1677 1677 1676 1674 1672 1670 1667 1667 1667 1669 1673 1679 1684 1686 1687 1688 1688 1687 1685 1681 1677 1674 1672 1670 1669 1669 1670 1671 1671
1702 1701 1700 1700 1700 1700 1700 1699 1696 1694 1693 1692 1692 1692 1692 1691 1692 1692 1693 1695 1696 1698 1699 1701 1702 1704 1706 1708 1710 1711 1712 1713 1713 1713 1712 1710 1707 1704 1701 1697 1694 1690 1687 1683 1680 1676 1673 1668 1663 1658 1659 1664 1670 1674 1678 1682 1683 1682 1681 1679 1676 1674 1673 1672 1672 1676 1682 1687 1690 1692 1693 1693 1693 1691 1688 1685 1681 1678 1676 1674 1673 1672 1672 1674
1705 1704 1704 1704 1703 1703 1701 1699 1697 1695 1694 1694 1694 1694 1694 1694 1694 1695 1697 1699 1701 1702 1704 1705 1706 1708 1711 1713 1715 1716 1717 1718 1718 1717 1716 1714 1710 1707 1703 1700 1696 1693 1689 1686 1682 1679 1675 1671 1665 1660 1660 1664 1669 1674 1679 1684 1686 1686 1686 1685 1682 1680 1678 1677 1677 1679 1684 1690 1694 1696 1698 1699 1699 1698 1695 1692 1689 1687 1684 1682 1680 1678 1679 1681
1708 1707 1707 1707 1707 1705 1702 1700 1698 1697 1697 1697 1697 1697 1697 1697 1698 1699 1701 1703 1705 1707 1708 1709 1711 1713 1715 1718 1720 1721 1722 1723 1722 1722 1720 1717 1714 1710 1706 1703 1699 1695 1692 1689 1685 1682 1678 1673 1668 1663 1661 1665 1669 1674 1679 1684 1688 1691 1692 1690 1688 1685 1684 1683 1682 1682 1686 1692 1697 1700 1703 1705 1706 1705 1703 1700 1697 1695 1693 1691 1689 1687 1687 1688
1711 1710 1710 1710 1708 1706 1703 1702 1701 1700 1701 1701 1702 1702 1702 1702 1702 1703 1705 1707 1709 1711 1712 1713 1715 1717 1720 1722 1724 1726 1727 1727 1727 1726 1724 1721 1717 1713 1709 1706 1702 1698 1695 1692 1688 1684 1680 1676 1670 1666 1663 1665 1669 1674 1679 1684 1689 1693 1695 1695 1693 1692 1690 1688 1687 1687 1689 1695 1699 1704 1707 1710 1712 1712 1711 1708 1706 1703 1701 1698 1696 1694 1693 1694
1715 1714 1712 1711 1709 1706 1705 1704 1704 1704 1705 1706 1706 1706 1706 1706 1706 1707 1709 1711 1713 1715 1716 1718 1719 1721 1724 1726 1728 1730 1731 1731 1731 1730 1727 1724 1721 1717 1713 1709 1705 1701 1698 1695 1691 1687 1683 1678 1672 1668 1664 1665 1669 1674 1680 1685 1689 1694 1696 1697 1697 1696 1695 1693 1692 1691 1693 1697 1702 1706 1711 1714 1717 1717 1717 1715 1713 1711 1708 1706 1703 1701 1700 1700
1719 1717 1714 1712 1709 1707 1706 1706 1707 1707 1709 1710 1711 1711 1711 1711 1711 1711 1713 1715 1717 1719 1721 1722 1723 1725 1728 1730 1732 1734 1734 1735 1734 1733 1731 1728 1724 1720 1716 1712 1707 1704 1701 1697 1693 1689 1685 1680 1674 1669 1666 1665 1669 1674 1679 1685 1689 1694 1697 1698 1698 1699 1698 1697 1696 1695 1696 1699 1704 1709 1714 1718 1721 1722 1722 1721 1718 1716 1714 1712 1709 1707 1706 1706
1721 1719 1716 1713 1710 1707 1707 1708 1710 1711 1713 1714 1715 1716 1716 1716 1715 1716 1716 1718 1721 1723 1725 1727 1728 1730 1732 1734 1735 1736 1737 1737 1737 1736 1734 1732 1728 1724 1719 1715 1710 1707 1703 1699 1695 1690 1686 1682 1676 1671 1668 1666 1669 1674 1679 1684 1689 1693 1696 1698 1699 1700 1700 1700 1700 1699 1699 1702 1706 1711 1717 1721 1724 1726 1727 1726 1724 1722 1720 1717 1715 1713 1712 1712
1722 1719 1717 1715 1712 1710 1710 1711 1713 1715 1717 1719 1720 1720 1720 1720 1720 1719 1720 1721 1724 1727 1729 1731 1733 1734 1735 1737 1738 1739 1740 1740 1739 1739 1737 1735 1732 1728 1722 1718 1713 1710 1706 1701 1696 1692 1688 1683 1678 1673 1669 1667 1669 1673 1679 1684 1688 1692 1695 1697 1699 1702 1703 1704 1704 1703 1703 1705 1708 1713 1719 1723 1726 1730 1732 1731 1729 1727 1725 1723 1720 1718 1718 1718
1724 1721 1719 1718 1716 1714 1713 1715 1717 1719 1721 1722 1723 1723 1724 1724 1724 1724 1724 1725 1727 1730 1733 1734 1736 1737 1738 1740 1741 1742 1743 1743 1743 1742 1740 1738 1735 1732 1727 1721 1716 1713 1709 1704 1698 1693 1689 1685 1680 1675 1671 1668 1669 1673 1678 1683 1687 1691 1694 1697 1699 1702 1705 1707 1707 1707 1706 1706 1709 1715 1720 1724 1728 1732 1735 1737 1735 1733 1730 1728 1726 1724 1723 1723
1727 1725 1723 1721 1719 1717 1716 1718 1720 1722 1723 1724 1725 1726 1727 1729 1729 1729 1729 1729 1730 1733 1735 1736 1738 1740 1741 1743 1745 1746 1747 1747 1747 1746 1744 1742 1739 1736 1731 1725 1720 1716 1712 1707 1701 1695 1690 1686 1682 1677 1672 1670 1670 1673 1678 1682 1686 1690 1693 1696 1699 1702 1705 1708 1709 1709 1708 1708 1711 1716 1721 1724 1728 1733 1739 1743 1743 1741 1737 1734 1731 1729 1727 1727
1731 1729 1727 1724 1721 1719 1718 1719 1721 1723 1725 1726 1727 1728 1730 1733 1734 1734 1733 1733 1733 1735 1737 1739 1740 1742 1744 1747 1749 1751 1752 1752 1752 1750 1748 1745 1742 1739 1735 1730 1724 1719 1715 1710 1704 1697 1692 1688 1684 1679 1674 1671 1670 1673 1677 1682 1685 1689 1692 1695 1698 1702 1705 1708 1710 1710 1710 1710 1713 1717 1721 1725 1728 1733 1741 1748 1752 1751 1745 1740 1737 1733 1732 1731
1735 1733 1731 1728 1725 1721 1719 1720 1723 1726 1727 1728 1729 1730 1732 1735 1738 1739 1739 1738 1738 1738 1739 1740 1742 1744 1747 1751 1754 1756 1757 1757 1757 1755 1753 1749 1746 1742 1738 1733 1728 1723 1718 1713 1707 1700 1694 1690 1686 1681 1677 1673 1671 1673 1677 1681 1684 1688 1691 1694 1698 1701 1705 1708 1710 1712 1713 1713 1715 1718 1721 1725 1728 1732 1741 1751 1757 1757 1751 1745 1741 1737 1735 1734
1740 1738 1735 1732 1729 1725 1722 1723 1726 1728 1730 1731 1732 1733 1735 1738 1741 1744 1745 1744 1743 1742 1742 1742 1744 1747 1751 1755 1758 1760 1762 1762 1761 1759 1757 1753 1749 1746 1741 1736 1731 1726 1721 1716 1710 1703 1696 1692 1688 1684 1680 1676 1674 1674 1676 1680 1683 1687 1690 1693 1697 1700 1704 1707 1710 1712 1714 1715 1716 1718 1721 1725 1728 1731 1739 1748 1754 1756 1752 1747 1743 1740 1737 1735
1744 1742 1739 1736 1732 1729 1727 1728 1729 1732 1734 1736 1737 1738 1740 1742 1744 1748 1750 1749 1747 1745 1744 1743 1746 1750 1754 1758 1762 1764 1766 1767 1765 1763 1759 1756 1752 1748 1744 1739 1733 1728 1724 1718 1713 1706 1700 1694 1690 1686 1682 1680 1678 1678 1678 1680 1683 1686 1689 1693 1696 1699 1703 1707 1710 1712 1714 1716 1717 1719 1721 1724 1728 1731 1737 1744 1749 1750 1749 1746 1744 1741 1738 1737
1747 1745 1742 1739 1735 1732 1731 1731 1734 1737 1740 1742 1743 1744 1745 1746 1749 1753 1755 1755 1752 1749 1747 1746 1748 1753 1757 1761 1765 1768 1770 1770 1769 1766 1762 1758 1754 1750 1746 1741 1736 1730 1725 1720 1715 1709 1703 1697 1693 1689 1685 1684 1683 1682 1681 1681 1683 1685 1689 1692 1695 1698 1703 1707 1710 1712 1715 1718 1719 1720 1722 1725 1728 1731 1735 1740 1744 1745 1745 1744 1742 1740 1738 1738
1749 1747 1745 1741 1738 1735 1734 1736 1740 1744 1746 1747 1748 1749 1749 1751 1753 1757 1759 1759 1757 1754 1751 1750 1752 1756 1760 1764 1768 1770 1771 1771 1770 1768 1764 1760 1756 1752 1748 1743 1737 1732 1727 1722 1717 1712 1707 1701 1695 1692 1689 1688 1688 1687 1686 1685 1684 1685 1688 1691 1694 1697 1702 1706 1709 1712 1716 1719 1721 1722 1723 1726 1728 1731 1734 1738 1742 1743 1743 1742 1741 1739 1737 1736
1752 1749 1747 1744 1741 1739 1739 1742 1745 1748 1750 1752 1753 1753 1754 1754 1757 1760 1762 1762 1760 1757 1755 1753 1754 1757 1761 1766 1769 1771 1772 1772 1771 1769 1765 1761 1757 1753 1749 1745 1740 1733 1729 1724 1720 1715 1710 1704 1698 1695 1694 1693 1693 1692 1691 1690 1687 1686 1687 1690 1693 1696 1701 1705 1709 1712 1716 1720 1722 1724 1725 1727 1729 1731 1733 1738 1741 1742 1742 1740 1739 1738 1736 1734
1754 1752 1749 1745 1742 1742 1743 1746 1749 1752 1755 1757 1758 1758 1758 1759 1761 1764 1766 1766 1764 1761 1758 1755 1756 1759 1763 1767 1770 1771 1772 1771 1770 1768 1765 1761 1757 1753 1750 1746 1741 1736 1732 1728 1723 1719 1713 1708 1703 1699 1698 1698 1697 1697 1696 1695 1693 1689 1688 1689 1692 1695 1700 1704 1708 1712 1716 1720 1722 1724 1726 1728 1731 1732 1734 1737 1740 1741 1741 1739 1736 1735 1734 1733
1757 1754 1751 1747 1744 1743 1745 1749 1753 1756 1759 1761 1763 1763 1764 1765 1767 1769 1770 1770 1768 1765 1761 1757 1757 1759 1764 1768 1770 1771 1772 1771 1770 1768 1764 1761 1757 1754 1751 1747 1744 1740 1736 1732 1727 1722 1716 1712 1708 1705 1703 1702 1701 1701 1700 1699 1697 1694 1690 1689 1691 1694 1699 1704 1708 1712 1716 1720 1722 1725 1727 1730 1732 1733 1735 1737 1739 1739 1739 1736 1734 1733 1733 1733
1759 1757 1754 1750 1747 1746 1749 1753 1757 1761 1764 1766 1768 1768 1769 1770 1771 1772 1773 1773 1771 1768 1764 1761 1759 1761 1765 1768 1770 1771 1771 1770 1769 1767 1764 1761 1757 1755 1752 1749 1746 1744 1740 1736 1730 1724 1719 1715 1712 1710 1708 1706 1705 1705 1704 1703 1701 1698 1694 1691 1691 1694 1698 1703 1708 1712 1716 1719 1722 1725 1727 1730 1733 1734 1735 1736 1738 1738 1738 1735 1733 1732 1732 1732
1762 1759 1756 1754 1752 1751 1754 1758 1762 1765 1768 1771 1772 1773 1773 1774 1775 1776 1777 1776 1775 1772 1768 1765 1763 1763 1766 1768 1770 1771 1772 1770 1769 1767 1765 1761 1759 1756 1754 1751 1749 1747 1744 1739 1733 1728 1723 1719 1717 1715 1712 1709 1708 1709 1709 1707 1704 1701 1697 1694 1692 1693 1698 1703 1708 1712 1715 1719 1722 1724 1727 1731 1733 1734 1735 1737 1737 1737 1737 1735 1733 1732 1732 1732
1765 1762 1760 1757 1755 1756 1759 1763 1767 1770 1773 1775 1777 1777 1777 1777 1778 1779 1780 1780 1779 1776 1772 1769 1767 1766 1767 1769 1770 1772 1772 1771 1770 1768 1766 1763 1760 1758 1756 1754 1751 1748 1746 1741 1736 1731 1727 1724 1722 1719 1715 1713 1713 1714 1713 1711 1708 1704 1700 1696 1694 1693 1697 1703 1707 1711 1715 1718 1721 1724 1727 1731 1733 1734 1735 1736 1736 1737 1736 1735 1733 1733 1732 1732
1767 1765 1763 1761 1761 1762 1766 1770 1774 1776 1778 1781 1782 1782 1781 1781 1782 1783 1784 1784 1783 1780 1776 1772 1769 1767 1768 1769 1771 1773 1773 1772 1770 1769 1767 1764 1761 1759 1758 1756 1753 1750 1747 1743 1738 1734 1731 1728 1725 1721 1718 1717 1718 1719 1718 1716 1711 1706 1702 1698 1695 1694 1697 1702 1707 1711 1714 1718 1721 1723 1726 1730 1732 1734 1735 1735 1736 1736 1736 1735 1734 1733 1732 1732
1770 1768 1767 1766 1767 1770 1775 1779 1781 1783 1785 1786 1787 1787 1786 1785 1786 1786 1787 1786 1785 1783 1781 1777 1773 1770 1769 1769 1772 1774 1773 1772 1771 1769 1767 1765 1762 1760 1759 1757 1754 1751 1748 1744 1741 1738 1735 1732 1728 1724 1721 1721 1722 1722 1722 1720 1715 1709 1704 1700 1696 1694 1696 1701 1706 1710 1713 1716 1720 1722 1725 1728 1731 1733 1734 1734 1735 1735 1735 1735 1734 1733 1732 1732
1770 1770 1771 1771 1774 1778 1782 1786 1789 1790 1791 1792 1793 1792 1791 1790 1790 1790 1790 1790 1788 1786 1784 1781 1778 1774 1772 1772 1773 1774 1774 1772 1771 1769 1767 1765 1763 1761 1759 1757 1755 1752 1749 1746 1744 1742 1738 1735 1731 1727 1725 1724 1724 1724 1723 1722 1718 1711 1705 1701 1698 1695 1696 1700 1705 1709 1712 1715 1718 1720 1723 1725 1728 1731 1733 1733 1734 1734 1734 1734 1733 1733 1732 1731
1773 1774 1775 1777 1780 1783 1787 1791 1794 1796 1797 1798 1798 1797 1795 1794 1794 1794 1794 1793 1791 1788 1786 1784 1781 1779 1777 1776 1775 1775 1774 1773 1771 1769 1767 1765 1764 1762 1760 1758 1755 1753 1751 1749 1747 1745 1741 1737 1733 1730 1728 1727 1727 1726 1725 1723 1719 1713 1707 1703 1699 1696 1696 1699 1703 1708 1711 1713 1715 1718 1720 1722 1725 1728 1731 1732 1733 1733 1733 1733 1733 1732 1732 1730
1773 1775 1777 1780 1782 1785 1789 1792 1796 1799 1802 1803 1803 1802 1800 1799 1798 1798 1797 1796 1793 1791 1789 1786 1784 1781 1780 1778 1777 1776 1774 1773 1771 1769 1767 1766 1764 1762 1760 1758 1757 1756 1754 1752 1750 1747 1744 1739 1735 1732 1731 1730 1730 1728 1726 1723 1720 1714 1708 1704 1701 1700 1699 1699 1701 1705 1709 1711 1713 1715 1717 1719 1722 1725 1728 1730 1731 1732 1732 1732 1732 1731 1730 1729
1771 1773 1776 1779 1782 1785 1788 1792 1796 1801 1805 1806 1807 1806 1804 1803 1802 1802 1801 1799 1796 1793 1791 1789 1786 1784 1781 1780 1778 1777 1775 1773 1771 1769 1768 1766 1765 1763 1762 1760 1759 1758 1757 1755 1752 1749 1745 1741 1737 1734 1734 1734 1733 1731 1728 1724 1719 1713 1708 1705 1705 1706 1706 1704 1701 1702 1706 1708 1710 1713 1715 1718 1720 1723 1725 1727 1728 1729 1730 1730 1729 1729 1728 1728
1768 1770 1772 1776 1780 1782 1786 1790 1795 1801 1806 1808 1809 1809 1807 1806 1806 1805 1804 1802 1799 1796 1793 1791 1789 1786 1784 1781 1779 1778 1776 1774 1772 1770 1769 1767 1766 1765 1763 1762 1761 1760 1759 1757 1754 1750 1746 1743 1740 1739 1738 1737 1736 1733 1730 1725 1720 1714 1709 1707 1708 1710 1711 1708 1705 1702 1703 1706 1709 1711 1714 1716 1718 1721 1723 1724 1725 1726 1727 1727 1727 1727 1726 1727
1764 1766 1768 1771 1775 1778 1782 1786 1791 1797 1803 1808 1810 1811 1811 1811 1810 1809 1807 1804 1801 1799 1796 1794 1791 1789 1786 1783 1781 1779 1777 1776 1774 1772 1770 1768 1767 1766 1765 1764 1763 1762 1760 1759 1756 1752 1748 1745 1744 1744 1743 1741 1739 1736 1733 1728 1722 1717 1712 1711 1713 1715 1715 1712 1709 1705 1703 1704 1707 1710 1712 1714 1716 1719 1721 1722 1723 1724 1724 1725 1725 1725 1725 1726
