fishcamp/DEMNED03.asc
ncols 200
nrows 100
xllcorner 268000
yllcorner 4149000
cellsize 10.00
nodata_value -32767
[rows 0 to 37 of 100, columns 0 to 83 of 200]
1537 1537 1536 1537 1539 1541 1543 1544 1545 1546 1547 1549 1551 1553 1554 1556 1559 1561 1563 1567 1570 1573 1577 1581 1586 1589 1591 1594 1597 1599 1601 1602 1604 1606 1608 1611 1613 1616 1618 1621 1624 1628 1631 1634 1637 1642 1646 1649 1653 1656 1658 1663 1669 1673 1677 1681 1681 1679 1676 1674 1672 1673 1674 1675 1676 1677 1677 1677 1676 1676 1675 1673 1672 1672 1672 1672 1674 1675 1677 1678 1679 1681 1681 1680
1534 1534 1534 1535 1537 1539 1540 1541 1542 1543 1544 1546 1548 1550 1552 1553 1555 1556 1559 1563 1568 1573 1577 1582 1586 1588 1590 1593 1596 1598 1600 1601 1602 1604 1607 1610 1612 1614 1617 1619 1622 1626 1629 1632 1635 1640 1644 1648 1653 1656 1659 1664 1668 1673 1678 1683 1684 1682 1680 1677 1676 1676 1678 1679 1679 1680 1680 1679 1679 1678 1677 1676 1675 1675 1675 1676 1677 1678 1680 1682 1684 1685 1685 1684
1531 1531 1531 1533 1534 1536 1537 1538 1539 1540 1541 1542 1544 1546 1547 1549 1550 1551 1556 1562 1568 1573 1577 1581 1585 1588 1590 1591 1594 1596 1598 1600 1601 1602 1605 1607 1610 1612 1614 1617 1620 1623 1626 1630 1634 1638 1643 1648 1653 1658 1661 1665 1669 1673 1679 1683 1684 1684 1682 1680 1679 1680 1681 1682 1683 1683 1683 1682 1682 1681 1680 1679 1678 1678 1679 1679 1680 1681 1683 1685 1686 1687 1687 1686
1528 1527 1528 1530 1531 1533 1534 1535 1536 1537 1537 1538 1539 1540 1541 1543 1545 1547 1553 1562 1568 1573 1576 1580 1584 1586 1588 1590 1591 1593 1596 1597 1599 1600 1602 1604 1606 1609 1611 1614 1617 1620 1623 1628 1633 1638 1643 1649 1654 1659 1663 1666 1669 1674 1679 1683 1684 1684 1683 1682 1681 1682 1684 1685 1686 1686 1686 1685 1684 1683 1682 1682 1681 1682 1682 1682 1683 1684 1686 1688 1689 1689 1689 1689
1525 1524 1525 1527 1528 1530 1531 1532 1532 1533 1533 1533 1533 1534 1535 1538 1541 1544 1551 1560 1566 1571 1575 1577 1581 1584 1586 1588 1589 1590 1592 1594 1595 1597 1598 1600 1602 1605 1608 1610 1613 1617 1621 1625 1631 1637 1643 1649 1654 1659 1663 1666 1670 1674 1679 1683 1685 1685 1684 1683 1682 1683 1686 1689 1690 1691 1690 1689 1688 1687 1685 1685 1684 1685 1685 1686 1687 1688 1689 1691 1692 1693 1693 1692
1522 1522 1523 1524 1525 1527 1528 1528 1529 1529 1529 1528 1528 1528 1530 1534 1539 1543 1550 1558 1564 1568 1572 1575 1578 1581 1583 1585 1586 1588 1589 1590 1591 1593 1594 1596 1598 1601 1604 1607 1611 1615 1619 1624 1629 1635 1641 1647 1653 1658 1662 1666 1670 1674 1678 1682 1684 1685 1685 1684 1683 1685 1689 1693 1695 1695 1694 1693 1691 1690 1689 1688 1688 1688 1688 1689 1690 1691 1693 1694 1695 1696 1695 1694
1519 1519 1520 1521 1522 1523 1524 1525 1525 1525 1525 1524 1523 1524 1527 1532 1538 1544 1550 1556 1562 1566 1569 1572 1575 1577 1579 1581 1583 1584 1585 1586 1587 1588 1591 1593 1595 1598 1601 1605 1609 1613 1617 1622 1628 1633 1639 1646 1652 1657 1661 1665 1669 1673 1677 1681 1683 1685 1686 1686 1686 1687 1691 1695 1697 1697 1697 1696 1694 1693 1692 1691 1691 1691 1691 1692 1693 1695 1696 1697 1698 1699 1698 1697
1516 1516 1517 1518 1519 1520 1521 1521 1521 1521 1520 1520 1521 1524 1529 1535 1540 1545 1550 1555 1560 1563 1566 1569 1572 1574 1576 1577 1579 1580 1581 1582 1584 1585 1588 1590 1593 1596 1599 1603 1607 1611 1616 1621 1626 1631 1637 1644 1650 1655 1660 1664 1668 1672 1675 1679 1682 1684 1686 1688 1689 1690 1693 1696 1697 1698 1698 1698 1697 1696 1694 1693 1693 1693 1694 1695 1697 1698 1700 1701 1702 1702 1701 1700
1513 1513 1514 1515 1516 1517 1517 1517 1517 1516 1516 1518 1521 1526 1533 1538 1541 1545 1549 1554 1557 1561 1563 1566 1568 1570 1572 1574 1575 1576 1578 1579 1581 1583 1586 1589 1592 1594 1597 1601 1605 1610 1614 1619 1624 1630 1635 1641 1648 1653 1659 1663 1666 1670 1674 1677 1680 1683 1685 1687 1689 1691 1693 1695 1697 1699 1700 1700 1700 1699 1698 1697 1696 1696 1697 1699 1700 1702 1703 1704 1705 1706 1705 1703
1510 1510 1511 1512 1513 1514 1514 1514 1512 1512 1514 1517 1522 1527 1533 1538 1541 1545 1549 1552 1555 1558 1560 1563 1565 1567 1569 1570 1571 1573 1574 1576 1578 1581 1584 1587 1590 1593 1596 1599 1604 1608 1612 1617 1623 1628 1633 1639 1645 1651 1657 1661 1665 1668 1671 1674 1678 1681 1684 1686 1688 1690 1692 1694 1696 1698 1700 1702 1703 1702 1701 1701 1700 1700 1701 1702 1704 1705 1707 1708 1709 1709 1708 1706
1507 1507 1508 1508 1509 1510 1509 1509 1509 1511 1514 1518 1522 1526 1531 1536 1540 1543 1547 1550 1553 1555 1557 1560 1562 1564 1565 1567 1568 1570 1571 1573 1575 1578 1582 1585 1589 1592 1595 1598 1602 1607 1611 1616 1621 1626 1631 1637 1643 1649 1655 1660 1663 1666 1669 1672 1675 1678 1681 1684 1686 1688 1690 1693 1695 1698 1700 1703 1705 1706 1705 1705 1704 1704 1705 1706 1708 1709 1711 1712 1712 1712 1711 1709
1504 1504 1505 1505 1504 1504 1503 1504 1508 1512 1515 1518 1521 1525 1530 1534 1538 1541 1545 1548 1550 1553 1555 1556 1558 1560 1562 1564 1565 1567 1568 1571 1573 1576 1580 1584 1588 1591 1594 1597 1601 1605 1609 1614 1618 1623 1629 1634 1640 1646 1652 1657 1661 1664 1666 1669 1671 1674 1678 1681 1684 1686 1688 1691 1694 1697 1700 1704 1707 1709 1709 1709 1708 1708 1709 1711 1712 1714 1716 1717 1717 1715 1714 1713
1501 1501 1501 1501 1499 1499 1500 1503 1507 1511 1514 1517 1521 1524 1528 1532 1537 1540 1543 1545 1548 1550 1552 1553 1555 1556 1558 1560 1562 1564 1566 1568 1571 1575 1579 1583 1587 1590 1594 1597 1601 1604 1608 1612 1616 1621 1626 1631 1636 1642 1648 1654 1658 1661 1663 1666 1668 1671 1674 1677 1680 1683 1685 1687 1691 1695 1699 1703 1707 1710 1713 1715 1715 1715 1716 1717 1718 1719 1720 1721 1721 1719 1717 1716
1498 1498 1497 1496 1494 1495 1500 1503 1507 1510 1513 1516 1519 1523 1526 1530 1535 1539 1541 1543 1545 1547 1549 1550 1551 1552 1554 1556 1558 1561 1563 1566 1569 1573 1577 1582 1586 1589 1593 1597 1600 1603 1607 1610 1614 1619 1624 1628 1633 1638 1645 1650 1654 1658 1660 1663 1665 1668 1670 1674 1677 1680 1682 1684 1688 1693 1697 1702 1707 1711 1715 1719 1721 1722 1723 1723 1724 1724 1724 1724 1724 1722 1721 1720
1495 1494 1492 1490 1490 1494 1499 1503 1506 1509 1512 1515 1518 1521 1525 1529 1533 1537 1539 1541 1542 1544 1545 1546 1547 1549 1550 1552 1555 1558 1560 1564 1568 1572 1576 1581 1585 1588 1592 1596 1599 1602 1605 1608 1612 1616 1621 1625 1630 1635 1640 1646 1650 1654 1657 1659 1662 1664 1667 1671 1674 1677 1680 1683 1687 1692 1696 1702 1707 1712 1717 1721 1724 1726 1728 1729 1729 1729 1729 1728 1727 1725 1724 1723
1491 1490 1488 1487 1488 1492 1498 1502 1505 1508 1511 1514 1516 1520 1523 1527 1530 1534 1537 1538 1539 1540 1541 1543 1544 1546 1548 1549 1552 1555 1559 1562 1566 1571 1575 1579 1583 1587 1590 1594 1598 1601 1603 1606 1609 1613 1618 1622 1627 1631 1636 1641 1646 1649 1652 1655 1658 1660 1664 1668 1672 1675 1680 1684 1688 1693 1697 1702 1707 1712 1717 1722 1726 1730 1732 1734 1734 1734 1733 1732 1730 1728 1726 1725
1488 1487 1485 1484 1487 1491 1497 1501 1504 1507 1509 1512 1515 1518 1521 1524 1527 1530 1533 1534 1536 1537 1537 1539 1541 1544 1546 1548 1550 1554 1557 1561 1565 1569 1573 1577 1581 1585 1588 1592 1595 1598 1601 1604 1607 1611 1615 1619 1623 1627 1632 1636 1641 1645 1648 1651 1654 1658 1661 1666 1670 1675 1681 1686 1690 1695 1699 1704 1708 1713 1718 1722 1727 1731 1735 1737 1738 1739 1738 1736 1733 1731 1729 1727
1484 1482 1481 1483 1487 1491 1495 1500 1503 1505 1508 1510 1513 1516 1519 1522 1525 1527 1529 1530 1531 1533 1535 1537 1539 1542 1544 1546 1549 1552 1556 1559 1563 1567 1571 1575 1578 1582 1586 1589 1592 1595 1599 1602 1605 1609 1612 1616 1620 1624 1628 1632 1636 1640 1644 1648 1652 1656 1660 1665 1670 1677 1683 1688 1693 1697 1701 1705 1709 1714 1718 1723 1727 1731 1736 1740 1742 1743 1743 1740 1736 1733 1731 1729
1479 1478 1479 1483 1486 1490 1494 1499 1502 1504 1506 1509 1511 1514 1517 1519 1522 1524 1525 1526 1527 1530 1533 1535 1538 1541 1543 1545 1548 1551 1554 1558 1562 1565 1569 1572 1575 1578 1582 1586 1589 1593 1597 1600 1603 1606 1609 1613 1617 1621 1625 1629 1633 1637 1642 1646 1651 1656 1661 1666 1672 1679 1686 1691 1696 1700 1704 1707 1711 1716 1720 1724 1728 1732 1736 1741 1745 1746 1746 1743 1739 1736 1733 1732
1473 1474 1478 1482 1486 1489 1493 1497 1500 1503 1505 1507 1510 1512 1515 1516 1517 1519 1521 1523 1525 1528 1531 1534 1537 1539 1542 1544 1547 1549 1553 1556 1560 1564 1567 1570 1572 1574 1578 1582 1587 1591 1595 1598 1601 1604 1607 1610 1614 1618 1622 1627 1632 1637 1642 1647 1653 1658 1663 1668 1674 1682 1688 1693 1698 1702 1706 1710 1714 1718 1722 1726 1729 1733 1738 1743 1746 1748 1747 1744 1742 1740 1738 1736
1468 1471 1477 1481 1485 1488 1492 1495 1498 1501 1503 1505 1508 1510 1512 1513 1513 1515 1518 1521 1524 1527 1530 1533 1535 1538 1540 1542 1545 1548 1551 1555 1558 1562 1565 1567 1570 1572 1575 1579 1584 1588 1592 1596 1599 1602 1606 1609 1613 1617 1621 1626 1632 1638 1644 1649 1655 1660 1665 1670 1677 1685 1691 1696 1700 1704 1708 1712 1716 1720 1724 1728 1732 1736 1740 1745 1749 1750 1749 1747 1745 1743 1743 1741
1464 1469 1476 1480 1483 1487 1490 1493 1496 1499 1501 1503 1505 1507 1509 1510 1511 1513 1517 1520 1523 1526 1528 1530 1533 1536 1538 1541 1544 1547 1550 1553 1556 1560 1563 1565 1568 1570 1573 1577 1582 1586 1590 1594 1597 1600 1604 1608 1612 1617 1621 1626 1634 1640 1646 1651 1657 1662 1667 1673 1680 1687 1693 1698 1702 1706 1710 1714 1718 1722 1726 1730 1734 1739 1744 1749 1753 1754 1752 1750 1748 1747 1746 1746
1462 1467 1474 1479 1482 1485 1488 1491 1493 1496 1499 1501 1503 1504 1506 1507 1510 1512 1515 1518 1521 1524 1526 1528 1530 1533 1536 1539 1543 1546 1548 1551 1554 1558 1561 1564 1566 1569 1572 1575 1579 1584 1588 1591 1595 1599 1603 1608 1613 1617 1621 1627 1635 1641 1647 1653 1659 1664 1669 1675 1683 1690 1695 1700 1704 1708 1712 1716 1720 1724 1728 1731 1736 1741 1748 1754 1757 1756 1755 1753 1752 1751 1750 1748
1461 1466 1473 1477 1480 1483 1486 1489 1491 1493 1495 1498 1500 1502 1503 1505 1508 1511 1514 1517 1519 1522 1524 1525 1528 1532 1535 1539 1542 1544 1547 1549 1552 1556 1559 1562 1565 1568 1571 1573 1577 1581 1586 1590 1594 1598 1603 1609 1613 1617 1622 1629 1636 1643 1649 1655 1661 1666 1671 1678 1685 1692 1697 1701 1706 1710 1714 1719 1722 1726 1729 1733 1738 1744 1751 1757 1759 1758 1757 1756 1755 1754 1753 1751
1460 1465 1471 1475 1479 1481 1484 1486 1488 1489 1491 1494 1496 1498 1500 1502 1504 1508 1512 1514 1517 1520 1522 1524 1527 1531 1535 1538 1541 1543 1546 1548 1551 1554 1558 1561 1564 1567 1570 1572 1575 1580 1584 1588 1593 1598 1603 1610 1614 1618 1623 1630 1638 1644 1650 1656 1662 1667 1673 1680 1688 1695 1699 1703 1707 1712 1716 1720 1724 1727 1730 1735 1740 1746 1754 1758 1760 1760 1760 1759 1758 1757 1756 1754
1458 1464 1469 1473 1477 1480 1482 1484 1486 1487 1488 1490 1492 1494 1497 1499 1502 1506 1510 1513 1516 1519 1521 1523 1526 1530 1534 1537 1540 1542 1545 1547 1550 1553 1556 1560 1563 1566 1569 1571 1574 1579 1584 1588 1593 1598 1604 1610 1615 1618 1623 1631 1638 1645 1651 1657 1663 1668 1675 1683 1691 1697 1701 1705 1709 1713 1718 1722 1725 1728 1731 1736 1742 1748 1755 1759 1761 1762 1763 1762 1761 1760 1759 1757
1457 1462 1467 1471 1475 1478 1480 1482 1483 1485 1486 1487 1489 1491 1495 1498 1501 1505 1509 1512 1515 1518 1520 1523 1526 1529 1533 1537 1539 1542 1544 1546 1549 1552 1555 1559 1562 1565 1568 1571 1574 1579 1584 1589 1594 1599 1605 1611 1615 1619 1624 1631 1639 1645 1652 1658 1663 1668 1676 1685 1693 1699 1702 1706 1711 1715 1719 1723 1726 1729 1733 1737 1743 1749 1755 1759 1762 1765 1766 1765 1764 1763 1761 1759
1455 1460 1464 1468 1472 1475 1478 1480 1481 1483 1485 1486 1488 1490 1494 1497 1500 1504 1508 1512 1515 1517 1520 1522 1525 1528 1532 1536 1539 1541 1543 1546 1548 1550 1554 1557 1561 1564 1567 1571 1575 1580 1585 1590 1595 1600 1606 1611 1615 1619 1625 1632 1639 1646 1652 1658 1664 1669 1677 1686 1694 1699 1703 1708 1712 1716 1721 1724 1727 1730 1734 1739 1744 1750 1756 1760 1764 1767 1769 1768 1767 1765 1763 1762
1453 1457 1462 1465 1469 1472 1475 1477 1480 1482 1485 1486 1488 1491 1494 1497 1500 1503 1507 1512 1515 1517 1519 1522 1524 1527 1531 1535 1538 1541 1543 1545 1547 1549 1552 1556 1560 1563 1567 1571 1575 1580 1585 1590 1596 1601 1607 1612 1616 1620 1625 1632 1639 1646 1652 1658 1664 1669 1676 1685 1693 1699 1704 1709 1713 1718 1722 1725 1728 1731 1735 1740 1745 1751 1757 1761 1764 1768 1771 1772 1770 1768 1766 1764
1452 1455 1459 1462 1465 1469 1473 1476 1479 1482 1484 1487 1489 1491 1494 1497 1499 1503 1506 1511 1514 1516 1518 1521 1523 1526 1529 1534 1537 1540 1542 1544 1546 1548 1552 1555 1559 1563 1567 1571 1575 1580 1586 1591 1596 1602 1608 1612 1616 1620 1626 1632 1639 1646 1652 1658 1664 1668 1675 1684 1693 1699 1705 1710 1714 1719 1722 1726 1729 1732 1736 1741 1746 1752 1757 1761 1765 1769 1775 1778 1776 1772 1769 1767
1451 1453 1456 1460 1463 1467 1472 1476 1479 1482 1484 1487 1489 1491 1494 1496 1499 1501 1505 1509 1513 1515 1518 1520 1522 1524 1528 1532 1536 1539 1542 1544 1546 1549 1552 1555 1559 1562 1566 1570 1575 1580 1585 1591 1596 1602 1608 1613 1617 1621 1626 1633 1640 1646 1652 1659 1664 1669 1675 1683 1692 1700 1706 1711 1715 1719 1723 1726 1729 1733 1737 1742 1747 1753 1758 1762 1765 1770 1778 1782 1780 1776 1772 1769
1451 1452 1455 1459 1463 1467 1473 1477 1479 1482 1484 1486 1489 1491 1493 1496 1498 1501 1504 1509 1512 1514 1517 1520 1522 1524 1528 1532 1536 1539 1541 1544 1546 1549 1552 1555 1558 1562 1566 1570 1574 1579 1584 1590 1596 1601 1608 1613 1617 1621 1627 1633 1640 1646 1652 1659 1664 1669 1676 1683 1691 1699 1706 1711 1715 1720 1723 1727 1730 1734 1738 1743 1748 1753 1758 1762 1766 1771 1779 1783 1782 1778 1775 1772
1451 1452 1455 1460 1464 1468 1473 1477 1479 1482 1484 1486 1488 1490 1493 1496 1499 1501 1504 1508 1511 1514 1517 1519 1522 1525 1528 1532 1536 1539 1542 1544 1546 1549 1552 1555 1558 1561 1565 1569 1573 1579 1584 1590 1595 1600 1607 1613 1617 1621 1627 1634 1640 1646 1653 1659 1666 1672 1679 1686 1691 1698 1706 1711 1716 1720 1724 1727 1730 1735 1739 1744 1748 1753 1758 1761 1765 1770 1777 1782 1781 1779 1776 1772
1451 1453 1456 1460 1465 1469 1473 1477 1479 1481 1484 1486 1488 1490 1493 1497 1499 1502 1505 1508 1511 1514 1517 1519 1522 1525 1528 1532 1536 1539 1542 1544 1547 1549 1552 1556 1559 1562 1566 1570 1574 1580 1586 1591 1596 1602 1608 1613 1618 1622 1628 1635 1642 1648 1655 1661 1668 1675 1683 1688 1692 1698 1706 1711 1716 1720 1724 1727 1731 1735 1740 1744 1748 1753 1757 1760 1764 1767 1772 1776 1777 1777 1775 1773
1451 1453 1457 1461 1465 1469 1473 1476 1479 1481 1484 1486 1488 1490 1494 1497 1500 1503 1506 1509 1512 1514 1517 1520 1522 1525 1528 1532 1536 1539 1542 1545 1547 1550 1553 1557 1560 1564 1567 1571 1576 1582 1588 1594 1599 1604 1610 1615 1619 1624 1631 1637 1644 1651 1657 1665 1671 1679 1685 1690 1694 1699 1705 1711 1715 1719 1723 1727 1731 1735 1740 1745 1748 1752 1755 1759 1761 1764 1767 1771 1772 1773 1773 1772
1451 1454 1458 1462 1465 1470 1473 1476 1479 1482 1484 1486 1488 1491 1494 1498 1501 1503 1506 1509 1512 1514 1517 1520 1522 1525 1528 1532 1536 1539 1542 1545 1548 1551 1554 1558 1561 1565 1568 1572 1578 1584 1590 1596 1601 1607 1612 1617 1621 1627 1633 1640 1646 1653 1660 1668 1674 1681 1686 1691 1695 1700 1705 1710 1714 1718 1722 1727 1732 1735 1739 1744 1746 1749 1752 1755 1758 1760 1762 1765 1767 1769 1770 1771
1451 1454 1459 1462 1466 1470 1474 1477 1480 1482 1485 1487 1489 1492 1495 1498 1501 1504 1506 1509 1512 1515 1517 1519 1522 1525 1528 1532 1536 1539 1542 1545 1548 1551 1554 1558 1562 1565 1569 1573 1579 1586 1592 1597 1603 1609 1614 1618 1623 1629 1636 1642 1649 1656 1663 1670 1676 1681 1686 1691 1696 1700 1704 1708 1712 1716 1721 1725 1731 1734 1737 1739 1742 1745 1747 1750 1753 1755 1757 1759 1761 1763 1765 1767
1452 1457 1461 1465 1468 1472 1476 1478 1480 1483 1485 1488 1490 1493 1496 1499 1501 1504 1507 1509 1512 1514 1517 1519 1522 1524 1528 1531 1535 1539 1541 1545 1548 1551 1555 1558 1562 1565 1569 1574 1580 1587 1593 1598 1604 1610 1615 1620 1625 1632 1638 1644 1651 1658 1664 1670 1675 1680 1684 1689 1694 1698 1702 1706 1710 1714 1718 1722 1726 1730 1732 1734 1737 1740 1742 1745 1747 1750 1752 1754 1756 1758 1760 1762
