fishcamp/DEMSRTM1.asc
ncols 80
nrows 40
xllcorner 268000
yllcorner 4149000
cellsize 25.00
nodata_value -32767
1557 1564 1569 1572 1576 1582 1589 1596 1602 1609 1616 1622 1626 1630 1632 1636 1643 1652 1662 1671 1679 1687 1692 1695 1695 1698 1699 1701 1701 1699 1697 1698 1700 1702 1705 1706 1706 1704 1700 1695 1691 1690 1692 1694 1696 1695 1692 1689 1688 1683 1677 1671 1672 1674 1677 1683 1688 1691 1692 1692 1691 1692 1692 1688 1687 1693 1701 1708 1713 1716 1718 1721 1720 1717 1716 1718 1720 1720 1722 1726 
1547 1554 1560 1564 1570 1576 1583 1588 1593 1602 1609 1615 1620 1624 1627 1631 1639 1647 1658 1669 1680 1688 1694 1699 1701 1705 1707 1709 1708 1705 1703 1704 1704 1707 1711 1710 1708 1705 1702 1699 1698 1700 1703 1706 1709 1710 1708 1704 1700 1694 1685 1678 1676 1675 1677 1683 1689 1692 1693 1694 1695 1695 1693 1689 1687 1690 1695 1700 1703 1706 1709 1712 1714 1713 1714 1717 1719 1719 1722 1729 
1538 1544 1549 1555 1562 1570 1576 1581 1587 1594 1601 1607 1612 1617 1620 1625 1634 1644 1654 1665 1677 1686 1692 1698 1703 1708 1711 1715 1716 1714 1713 1714 1711 1715 1718 1715 1712 1710 1707 1707 1707 1710 1713 1717 1724 1726 1724 1715 1708 1702 1692 1685 1680 1680 1683 1689 1694 1696 1697 1699 1700 1700 1700 1698 1697 1695 1696 1699 1700 1702 1702 1706 1709 1711 1715 1719 1721 1723 1728 1735 
1533 1535 1539 1545 1553 1562 1570 1575 1579 1585 1592 1599 1606 1611 1614 1619 1627 1639 1650 1659 1671 1681 1687 1694 1701 1708 1713 1718 1723 1724 1726 1725 1722 1726 1728 1722 1717 1716 1715 1713 1714 1718 1723 1729 1734 1736 1732 1723 1715 1707 1697 1689 1684 1685 1689 1694 1698 1700 1702 1703 1706 1707 1708 1709 1710 1708 1706 1706 1705 1703 1701 1703 1708 1712 1717 1723 1728 1731 1737 1742 
1527 1529 1532 1538 1546 1556 1562 1567 1571 1576 1582 1590 1599 1605 1609 1614 1621 1632 1643 1653 1664 1674 1682 1687 1698 1708 1717 1722 1730 1733 1736 1737 1737 1735 1735 1732 1728 1727 1726 1726 1726 1728 1732 1737 1741 1741 1737 1729 1721 1712 1702 1693 1688 1689 1693 1696 1699 1702 1705 1708 1712 1714 1717 1720 1724 1725 1722 1720 1717 1710 1707 1707 1712 1718 1725 1732 1737 1742 1746 1751 
1519 1522 1526 1532 1540 1549 1555 1559 1564 1568 1574 1583 1591 1599 1606 1611 1617 1626 1635 1645 1657 1668 1677 1684 1694 1708 1719 1728 1736 1740 1742 1744 1743 1740 1739 1739 1738 1738 1739 1739 1738 1739 1742 1744 1745 1745 1743 1737 1728 1719 1708 1698 1692 1691 1693 1696 1699 1702 1707 1712 1717 1723 1728 1732 1735 1734 1732 1729 1726 1723 1721 1722 1725 1730 1735 1741 1747 1751 1756 1760 
1513 1515 1520 1526 1534 1541 1550 1556 1560 1565 1571 1577 1585 1594 1601 1606 1612 1620 1627 1635 1649 1661 1672 1682 1692 1704 1719 1730 1741 1748 1751 1751 1750 1745 1743 1745 1746 1748 1750 1750 1750 1751 1752 1752 1751 1751 1751 1747 1738 1728 1718 1708 1700 1696 1696 1696 1698 1702 1708 1713 1719 1727 1735 1740 1743 1742 1738 1737 1737 1735 1735 1736 1738 1740 1743 1748 1754 1760 1765 1772 
1510 1512 1515 1520 1529 1538 1546 1552 1557 1562 1568 1574 1581 1588 1595 1601 1607 1615 1623 1632 1644 1657 1671 1683 1693 1704 1720 1733 1744 1754 1760 1760 1758 1753 1751 1752 1753 1756 1759 1761 1762 1763 1763 1762 1760 1760 1760 1757 1748 1736 1726 1716 1708 1703 1699 1697 1698 1703 1708 1714 1720 1728 1736 1741 1745 1746 1743 1742 1743 1744 1744 1745 1746 1746 1749 1754 1760 1768 1776 1786 
1505 1506 1510 1517 1525 1533 1541 1548 1553 1559 1566 1572 1577 1583 1590 1596 1604 1614 1624 1634 1644 1657 1673 1686 1697 1708 1725 1739 1748 1757 1768 1770 1767 1765 1763 1763 1763 1764 1767 1771 1772 1771 1771 1771 1769 1767 1765 1762 1755 1744 1733 1723 1714 1708 1703 1700 1701 1704 1709 1715 1721 1729 1735 1740 1744 1745 1744 1743 1745 1748 1749 1749 1748 1751 1754 1760 1767 1776 1787 1799 
1497 1499 1505 1512 1521 1529 1536 1543 1550 1556 1563 1569 1573 1578 1585 1593 1601 1615 1628 1637 1645 1659 1675 1689 1702 1715 1733 1745 1752 1760 1770 1775 1774 1774 1775 1774 1775 1775 1778 1779 1778 1777 1776 1776 1774 1773 1769 1764 1758 1749 1739 1728 1719 1713 1708 1705 1705 1706 1710 1716 1723 1729 1735 1739 1742 1743 1743 1742 1743 1747 1751 1751 1751 1755 1761 1769 1778 1786 1797 1807 
1493 1495 1501 1509 1516 1524 1531 1539 1546 1552 1559 1564 1568 1573 1581 1591 1601 1616 1630 1636 1646 1660 1673 1693 1707 1720 1736 1747 1755 1763 1774 1778 1779 1779 1781 1783 1784 1784 1786 1786 1783 1781 1780 1779 1778 1776 1772 1766 1760 1753 1744 1733 1724 1718 1715 1711 1710 1710 1712 1718 1725 1731 1737 1741 1743 1742 1741 1740 1743 1747 1751 1751 1753 1759 1768 1778 1785 1793 1803 1812 
1493 1495 1500 1506 1512 1519 1528 1536 1544 1549 1554 1560 1566 1572 1582 1593 1602 1614 1624 1634 1645 1661 1675 1692 1707 1723 1738 1749 1758 1766 1775 1781 1783 1783 1785 1788 1791 1792 1793 1792 1788 1785 1784 1782 1781 1779 1776 1770 1763 1756 1749 1739 1729 1725 1723 1720 1716 1715 1716 1719 1724 1731 1737 1740 1741 1741 1740 1739 1741 1746 1751 1752 1754 1761 1770 1781 1790 1797 1806 1814 
1493 1497 1502 1506 1511 1516 1524 1532 1541 1545 1551 1558 1564 1573 1582 1594 1603 1614 1624 1634 1649 1665 1678 1692 1708 1724 1738 1749 1758 1765 1773 1780 1783 1784 1786 1791 1796 1799 1800 1798 1795 1791 1787 1784 1783 1781 1779 1774 1766 1759 1753 1743 1735 1731 1729 1725 1721 1721 1721 1721 1725 1730 1736 1739 1739 1738 1738 1738 1740 1744 1749 1751 1754 1761 1771 1781 1790 1798 1806 1814 
1493 1497 1503 1506 1511 1516 1523 1534 1542 1546 1551 1558 1565 1572 1582 1594 1605 1614 1625 1638 1653 1667 1681 1694 1709 1723 1735 1745 1753 1760 1768 1775 1779 1782 1785 1792 1800 1805 1808 1808 1805 1798 1790 1786 1783 1781 1779 1775 1769 1762 1758 1749 1741 1738 1735 1730 1726 1726 1726 1724 1725 1729 1734 1736 1736 1736 1737 1737 1739 1742 1746 1750 1754 1762 1772 1780 1787 1797 1806 1814 
1491 1498 1504 1508 1514 1518 1526 1536 1544 1548 1553 1559 1565 1571 1581 1594 1606 1615 1629 1643 1655 1667 1682 1694 1706 1718 1729 1739 1746 1754 1760 1766 1773 1777 1782 1789 1799 1807 1811 1815 1814 1806 1797 1790 1786 1783 1780 1776 1771 1766 1763 1756 1749 1745 1741 1737 1733 1733 1732 1728 1725 1728 1732 1733 1732 1733 1734 1735 1737 1740 1745 1749 1752 1761 1769 1776 1783 1791 1801 1811 
1490 1498 1505 1510 1516 1521 1530 1537 1543 1548 1554 1559 1563 1569 1580 1594 1606 1618 1633 1645 1655 1665 1678 1690 1698 1707 1718 1727 1735 1743 1750 1758 1765 1771 1775 1782 1793 1803 1811 1816 1817 1812 1804 1797 1791 1787 1784 1780 1776 1773 1770 1764 1758 1752 1747 1743 1741 1740 1738 1733 1729 1726 1728 1730 1730 1730 1730 1732 1735 1738 1742 1746 1751 1758 1766 1776 1783 1789 1798 1807 
1491 1498 1506 1511 1516 1522 1530 1534 1539 1545 1553 1557 1560 1567 1582 1594 1605 1616 1630 1641 1651 1661 1670 1679 1687 1695 1704 1713 1720 1730 1739 1747 1754 1761 1766 1772 1783 1794 1804 1811 1814 1814 1809 1803 1797 1792 1790 1787 1785 1782 1779 1773 1765 1757 1752 1747 1746 1747 1745 1741 1733 1728 1727 1728 1729 1729 1730 1731 1736 1739 1743 1747 1752 1756 1765 1773 1782 1788 1795 1805 
1492 1497 1504 1510 1516 1521 1526 1529 1533 1540 1549 1555 1558 1563 1575 1590 1602 1612 1623 1632 1642 1652 1660 1667 1676 1685 1694 1701 1708 1718 1728 1736 1744 1751 1758 1764 1773 1783 1793 1802 1808 1811 1811 1808 1803 1798 1796 1796 1795 1793 1788 1779 1770 1762 1755 1750 1750 1751 1752 1749 1743 1735 1731 1729 1731 1732 1733 1734 1738 1741 1745 1748 1752 1756 1764 1772 1782 1789 1794 1805 
1488 1496 1504 1509 1513 1518 1521 1524 1528 1536 1545 1552 1555 1559 1568 1583 1595 1605 1614 1622 1631 1642 1648 1654 1664 1676 1685 1692 1699 1709 1718 1727 1736 1742 1749 1758 1766 1772 1781 1792 1799 1804 1808 1809 1807 1806 1804 1805 1802 1799 1793 1784 1775 1766 1758 1753 1752 1753 1753 1752 1748 1741 1737 1733 1735 1737 1738 1739 1742 1744 1746 1748 1751 1757 1765 1774 1783 1790 1796 1806 
1487 1495 1502 1508 1511 1514 1517 1520 1524 1532 1540 1548 1551 1555 1563 1575 1586 1596 1605 1612 1618 1627 1634 1642 1652 1665 1675 1683 1692 1703 1711 1719 1728 1735 1742 1750 1758 1765 1773 1783 1792 1798 1803 1808 1810 1810 1810 1810 1809 1806 1799 1792 1782 1773 1766 1760 1757 1755 1754 1753 1752 1747 1743 1741 1741 1743 1743 1744 1746 1746 1746 1748 1751 1759 1769 1778 1786 1794 1801 1809 
1489 1495 1500 1504 1508 1511 1514 1517 1523 1531 1538 1544 1547 1552 1560 1568 1577 1585 1595 1602 1605 1611 1620 1629 1639 1650 1661 1671 1681 1693 1702 1708 1716 1725 1732 1740 1749 1757 1766 1775 1784 1792 1798 1805 1811 1813 1814 1815 1814 1813 1808 1800 1790 1781 1776 1769 1765 1760 1756 1756 1757 1754 1751 1750 1749 1749 1748 1748 1749 1748 1748 1750 1753 1759 1767 1777 1787 1794 1801 1809 
1489 1493 1497 1499 1504 1508 1512 1516 1524 1532 1539 1544 1547 1552 1557 1563 1570 1578 1586 1593 1598 1604 1612 1620 1629 1639 1649 1659 1670 1684 1695 1701 1708 1716 1724 1731 1739 1748 1757 1765 1775 1784 1793 1802 1810 1814 1817 1819 1820 1819 1816 1807 1796 1788 1784 1780 1775 1769 1764 1762 1763 1763 1761 1761 1759 1755 1752 1751 1751 1750 1752 1755 1758 1761 1767 1775 1784 1793 1800 1809 
1486 1490 1492 1495 1499 1504 1509 1515 1521 1530 1537 1542 1544 1550 1555 1560 1566 1574 1581 1588 1593 1600 1606 1613 1621 1631 1642 1650 1661 1677 1690 1696 1702 1710 1717 1723 1730 1738 1746 1754 1765 1776 1787 1798 1807 1813 1819 1822 1824 1823 1818 1811 1799 1791 1789 1787 1784 1776 1771 1768 1771 1773 1773 1771 1767 1761 1756 1754 1753 1753 1755 1759 1763 1766 1770 1776 1784 1792 1799 1808 
1482 1486 1488 1495 1500 1504 1508 1513 1520 1527 1532 1535 1538 1543 1550 1557 1563 1570 1577 1583 1589 1595 1600 1605 1613 1624 1634 1643 1654 1670 1685 1694 1700 1706 1712 1717 1721 1727 1734 1742 1752 1767 1781 1792 1801 1809 1816 1822 1822 1822 1817 1810 1800 1793 1791 1790 1788 1785 1779 1778 1781 1782 1781 1777 1771 1764 1759 1757 1755 1756 1759 1764 1768 1772 1775 1781 1786 1792 1798 1806 
1481 1486 1490 1496 1502 1505 1508 1512 1518 1524 1529 1530 1531 1536 1544 1551 1559 1566 1572 1578 1584 1589 1593 1598 1606 1616 1626 1636 1647 1662 1679 1690 1697 1702 1707 1711 1714 1720 1727 1733 1742 1755 1771 1783 1792 1801 1808 1814 1816 1816 1813 1809 1800 1793 1790 1792 1792 1792 1790 1789 1789 1789 1784 1780 1772 1765 1761 1759 1758 1759 1763 1768 1773 1776 1780 1785 1789 1794 1800 1805 
1482 1488 1493 1499 1504 1506 1509 1512 1516 1521 1523 1523 1525 1531 1538 1545 1554 1562 1568 1574 1579 1583 1586 1591 1599 1609 1617 1627 1642 1657 1670 1681 1692 1700 1705 1707 1709 1715 1722 1728 1735 1746 1761 1775 1786 1794 1801 1805 1807 1807 1806 1803 1799 1794 1792 1794 1797 1799 1799 1799 1796 1793 1786 1780 1773 1767 1765 1763 1762 1763 1767 1771 1775 1779 1782 1786 1791 1798 1804 1810 
1484 1490 1495 1499 1503 1506 1508 1510 1512 1515 1516 1517 1520 1527 1533 1539 1547 1555 1563 1570 1574 1577 1581 1586 1592 1601 1612 1623 1636 1651 1662 1673 1685 1696 1702 1704 1706 1711 1718 1722 1729 1739 1752 1766 1778 1786 1791 1794 1797 1798 1797 1797 1797 1797 1796 1800 1803 1805 1806 1804 1802 1795 1789 1783 1777 1772 1770 1768 1767 1768 1771 1774 1778 1781 1785 1788 1793 1801 1810 1817 
1485 1490 1493 1495 1499 1503 1506 1507 1507 1508 1509 1512 1517 1523 1528 1532 1539 1548 1557 1564 1568 1571 1575 1581 1588 1599 1611 1622 1634 1646 1655 1665 1674 1686 1696 1700 1703 1708 1714 1718 1723 1733 1745 1757 1768 1777 1781 1783 1787 1789 1789 1793 1799 1803 1805 1807 1810 1811 1810 1805 1801 1798 1792 1786 1781 1776 1773 1771 1771 1774 1777 1780 1783 1787 1790 1792 1796 1803 1814 1823 
1481 1487 1490 1492 1496 1499 1501 1501 1502 1503 1507 1510 1514 1519 1522 1525 1531 1539 1548 1557 1563 1568 1572 1577 1586 1598 1610 1621 1632 1642 1651 1658 1665 1674 1686 1693 1698 1704 1709 1713 1718 1726 1737 1748 1759 1767 1772 1774 1777 1780 1787 1795 1803 1808 1812 1815 1817 1815 1810 1803 1799 1796 1794 1789 1784 1780 1777 1775 1775 1779 1784 1788 1790 1795 1797 1796 1797 1804 1815 1826 
1478 1483 1486 1488 1492 1493 1493 1495 1497 1500 1503 1508 1512 1515 1517 1519 1523 1530 1540 1550 1559 1565 1570 1576 1586 1597 1608 1619 1630 1640 1648 1654 1658 1662 1674 1686 1693 1697 1703 1709 1713 1719 1728 1740 1749 1758 1765 1770 1773 1778 1790 1800 1809 1815 1817 1821 1822 1819 1811 1803 1798 1796 1795 1793 1789 1786 1783 1780 1781 1785 1791 1797 1800 1802 1803 1800 1799 1804 1814 1825 
1473 1477 1479 1482 1486 1486 1486 1489 1493 1496 1500 1505 1509 1512 1513 1514 1518 1526 1535 1546 1556 1562 1569 1577 1588 1597 1606 1617 1628 1636 1641 1647 1652 1657 1667 1677 1685 1692 1698 1705 1709 1714 1719 1728 1740 1751 1761 1767 1771 1779 1793 1805 1814 1819 1820 1824 1825 1821 1812 1804 1798 1797 1799 1798 1795 1793 1789 1786 1786 1791 1799 1809 1812 1811 1808 1806 1805 1804 1809 1817 
1469 1471 1473 1476 1479 1479 1479 1483 1488 1492 1496 1501 1505 1508 1510 1513 1518 1526 1534 1543 1552 1561 1569 1578 1588 1596 1603 1611 1620 1627 1633 1639 1644 1651 1661 1670 1679 1687 1694 1701 1705 1709 1714 1723 1734 1745 1755 1762 1769 1779 1794 1806 1813 1818 1820 1823 1824 1820 1812 1805 1801 1801 1804 1805 1804 1801 1796 1792 1791 1795 1804 1814 1820 1819 1815 1812 1809 1807 1808 1813 
1465 1466 1468 1470 1471 1472 1474 1479 1484 1489 1492 1496 1501 1504 1508 1512 1520 1528 1536 1543 1550 1559 1569 1575 1583 1590 1596 1602 1609 1615 1622 1628 1633 1643 1655 1666 1676 1684 1691 1696 1700 1705 1712 1721 1731 1739 1747 1756 1765 1777 1789 1800 1807 1812 1816 1820 1821 1817 1812 1808 1807 1810 1815 1816 1814 1809 1803 1801 1801 1804 1809 1817 1822 1822 1819 1817 1816 1814 1813 1815 
1464 1464 1465 1464 1465 1468 1473 1478 1484 1487 1490 1494 1498 1503 1508 1514 1521 1530 1538 1544 1550 1558 1566 1570 1575 1582 1587 1592 1598 1605 1611 1618 1624 1635 1649 1663 1675 1683 1688 1691 1695 1702 1710 1718 1727 1733 1741 1751 1760 1771 1781 1790 1797 1805 1812 1816 1817 1814 1811 1812 1816 1821 1824 1825 1822 1816 1810 1809 1811 1812 1815 1819 1823 1824 1824 1824 1824 1824 1824 1824 
1460 1460 1460 1461 1463 1465 1470 1476 1481 1485 1489 1493 1498 1504 1511 1517 1524 1530 1538 1544 1550 1556 1563 1566 1568 1574 1580 1584 1590 1597 1603 1611 1619 1629 1644 1660 1673 1683 1689 1689 1692 1699 1706 1714 1720 1726 1733 1742 1750 1758 1769 1781 1788 1796 1805 1811 1813 1813 1814 1818 1824 1829 1832 1833 1830 1824 1817 1817 1820 1820 1820 1823 1826 1829 1831 1833 1836 1838 1840 1839 
1455 1456 1456 1457 1459 1462 1467 1472 1478 1484 1490 1494 1499 1506 1513 1520 1525 1529 1536 1543 1548 1554 1560 1563 1564 1569 1574 1579 1585 1592 1601 1608 1617 1630 1645 1657 1671 1681 1685 1687 1690 1696 1703 1710 1714 1719 1724 1732 1740 1748 1761 1774 1782 1789 1799 1806 1809 1812 1817 1824 1830 1835 1839 1840 1837 1831 1825 1824 1826 1825 1825 1828 1833 1839 1844 1849 1853 1856 1857 1854 
1450 1452 1453 1455 1458 1461 1466 1471 1477 1485 1492 1498 1503 1509 1515 1521 1525 1527 1533 1540 1546 1551 1557 1561 1562 1566 1571 1573 1580 1590 1599 1609 1619 1634 1647 1659 1671 1677 1678 1681 1686 1692 1700 1706 1710 1714 1718 1724 1732 1742 1754 1767 1777 1785 1793 1800 1805 1811 1819 1828 1835 1841 1845 1846 1843 1838 1835 1832 1830 1829 1830 1834 1839 1847 1857 1864 1870 1874 1873 1869 
1446 1449 1453 1456 1460 1464 1469 1474 1480 1488 1497 1503 1508 1512 1517 1522 1525 1528 1533 1538 1543 1547 1551 1556 1560 1564 1569 1572 1576 1585 1595 1606 1617 1631 1646 1657 1668 1671 1671 1675 1680 1686 1693 1701 1706 1711 1715 1720 1728 1737 1747 1759 1772 1782 1788 1793 1801 1809 1819 1829 1838 1844 1848 1848 1845 1843 1843 1840 1837 1835 1835 1838 1845 1854 1866 1875 1881 1885 1885 1881 
1443 1448 1455 1461 1467 1472 1476 1482 1487 1493 1501 1506 1510 1514 1518 1523 1527 1529 1533 1537 1541 1545 1548 1553 1560 1566 1570 1573 1575 1582 1591 1601 1612 1625 1639 1651 1661 1664 1664 1667 1673 1678 1684 1692 1701 1709 1714 1719 1727 1735 1743 1753 1766 1776 1783 1789 1798 1810 1821 1831 1838 1845 1849 1848 1846 1847 1848 1849 1847 1842 1842 1846 1853 1862 1872 1882 1888 1892 1892 1889 
1446 1453 1459 1465 1472 1478 1483 1489 1493 1498 1502 1505 1509 1512 1516 1520 1526 1529 1531 1535 1539 1544 1546 1553 1564 1571 1574 1577 1579 1583 1590 1597 1608 1619 1631 1643 1653 1655 1656 1659 1665 1671 1677 1682 1693 1706 1713 1718 1726 1735 1741 1749 1759 1770 1779 1788 1799 1812 1822 1829 1837 1843 1846 1847 1847 1851 1855 1858 1858 1854 1853 1856 1862 1869 1877 1886 1892 1896 1897 1897 
