fishcamp/mu_4.asc
NCOLS 400
NROWS 200
XLLCORNER 267999
YLLCORNER 4148999
CELLSIZE 5
NODATA_VALUE -1
[rows 57 to 75 of 200, columns 41 to 81 of 400]
1.84267294710856e-08 1.22574177678083e-08 2.54606721327011e-08 2.12019449760968e-08 9.83328456537411e-07 2.44434141145874e-07 1.00019611146293e-07 1.82196827189822e-07 3.16954621593402e-07 3.5744916018771e-07 6.34153399316858e-07 4.78727687547903e-07 1.36861905463365e-07 1.00075054313373e-09 9.86638610910657e-08 2.20963998859582e-08 6.34884038116675e-07 1.04844240993488e-07 1.51021477727481e-07 2.19291688844346e-06 8.07861947647536e-09 6.29456023946308e-10 8.32265876122422e-09 3.45575103137372e-07 1.47857128707921e-07 5.68432014044018e-10 1.1350188165385e-10 1.75059598143067e-08 3.21359665514535e-08 3.77874043120123e-07 4.47347400999555e-07 8.72854828586847e-07 9.84952100612989e-06 1.264900005246e-05 8.6775156612759e-07 5.04118420163991e-06 4.81632469308722e-05 3.41819964271519e-05 6.87192548068793e-06 2.79519867776035e-05 1.54935336163807e-05
6.79074988298274e-09 7.47435586172996e-10 3.97653077010716e-10 7.22614783757628e-08 2.90475229390648e-07 3.63535536477485e-08 2.12952497340697e-07 3.75461304897837e-07 3.67089308440678e-07 4.28629544418436e-07 5.90150805492908e-07 3.83337351227419e-07 8.14136703346945e-08 6.82907799184675e-11 5.09040812318955e-08 1.77236539776711e-07 6.27213084365634e-07 3.76015963137857e-09 4.01663475868573e-08 2.91754844072488e-07 4.28088017306468e-07 5.88175862452586e-09 8.44094795058119e-10 4.67719664183336e-08 2.4225469250403e-07 3.60343676763924e-09 9.27056697662796e-09 1.07092206734261e-07 1.10476225049082e-07 7.97488573599774e-08 5.1197415028653e-08 2.74328326218041e-06 9.61771574156008e-07 6.70777147041675e-07 5.27918442888545e-07 8.59092499649364e-05 5.8852102519594e-07 1.66744323399181e-06 3.57990584521537e-06 1.53254977407613e-05 7.39652303959012e-06
9.44086099180911e-09 5.94700546794681e-09 1.36165164878245e-08 3.25001886524286e-09 1.67582809556002e-08 7.50085685347634e-09 4.81909523399998e-08 5.72028415594051e-07 4.56576145033283e-07 3.0010334505498e-08 8.40314278248283e-08 4.88105427588446e-08 1.67930230998464e-08 3.19462449608949e-11 5.96232895768538e-08 3.99317631548381e-08 3.30492944137364e-07 1.60497078830191e-09 1.6000531294319e-09 4.18257809373435e-09 6.32754495225571e-06 4.73423526439575e-08 1.41856426325425e-09 6.78850108287832e-06 3.79987969149758e-07 9.31015978798923e-08 7.27054515500543e-08 8.92078198242459e-07 1.72368799736864e-07 1.70995189401913e-06 1.19495894907274e-06 7.18422122094237e-07 4.21810548647058e-07 5.97703579543112e-07 6.56175182229971e-06 8.34689169000298e-06 1.29411726051884e-06 4.00829858453165e-06 1.46205026032567e-06 1.19477114821437e-05 1.12552676187714e-05
5.53466251231425e-12 1.11265620726109e-08 9.19902377657038e-08 1.7102400483225e-08 8.69707131991502e-09 1.50388435082499e-08 5.6184886723052e-08 2.70090193400556e-08 6.95044961236934e-08 9.21039985383885e-09 8.35945795350722e-10 2.62692944849114e-09 7.25003650872116e-09 4.08564600990882e-08 9.09127132663817e-08 1.27113491362471e-08 3.22006468544274e-08 1.12100219447493e-08 1.20431750356318e-08 5.71366965752356e-07 1.36323276069855e-08 1.23615714828204e-08 1.32385668482463e-06 8.69167103238468e-07 5.04811327349543e-08 1.2450419506986e-07 3.28763421568398e-06 1.64333951381803e-07 3.06143264212295e-06 5.53736616269551e-07 5.40397191976676e-08 7.06824156848871e-08 2.72705136439693e-06 8.81578297127421e-07 1.90278423994391e-05 2.50510120729932e-06 9.19311413105655e-07 1.6785052708649e-06 1.39672832062638e-05 1.82668790942385e-05 6.34940239225047e-06
6.00435473218935e-10 4.54684189777403e-08 1.55276554334014e-07 2.73562198214313e-08 1.78323475667613e-08 3.65122065243167e-08 2.24928538733296e-07 5.05124983402985e-09 1.50524489264909e-07 4.72722512591714e-09 6.7435599272135e-10 5.34851215178336e-08 2.24012640615098e-08 1.48153849454012e-08 4.71859450236221e-09 2.51807434218685e-08 3.28820977517632e-08 8.10831533620373e-08 4.83154127883775e-08 4.31912742318588e-09 2.01368379440173e-07 8.75491608799716e-06 2.1110755927114e-06 7.30073439386609e-08 8.4839649528211e-09 1.95379903787366e-08 8.50831601298113e-08 3.02068521018289e-08 3.3755455831295e-07 2.08495175879236e-07 1.44580468319661e-08 4.63844119922219e-06 2.49925529345486e-06 1.88465067979681e-06 1.40460098977589e-05 6.90106079019711e-07 9.93898674111122e-07 6.90496254473683e-06 4.28990809467893e-05 2.62624233939379e-06 2.53323355419795e-05
2.86550627405809e-09 4.16294983906862e-07 2.7198357926617e-07 1.35197282017512e-07 2.41423911420604e-08 2.25778709815282e-08 6.60072139363065e-08 7.141204625543e-07 6.12124548436507e-08 1.01674007139717e-06 1.66053642743115e-07 6.44834659335787e-07 8.07347813493988e-09 3.93576637893661e-09 2.15601440267908e-07 3.87116726008783e-07 2.9502445438506e-09 5.65763219214954e-10 2.62440704959336e-10 9.39586997059264e-08 3.58935118972733e-06 3.12649128665633e-06 2.38488482748504e-09 6.72394622104602e-10 1.89249635754043e-10 3.03190796450794e-08 6.69646375567384e-07 1.46535551797603e-07 2.89353693722492e-06 2.39184267647278e-07 5.99890360043345e-09 5.07388427448732e-06 2.51043782524901e-06 3.39588204453263e-06 1.56588841835727e-07 5.80157692708134e-07 2.32863593831611e-06 2.19883953898781e-06 2.93882808226044e-06 2.03143215212146e-06 1.50178611491904e-05
2.42138789632368e-08 3.89377253863861e-08 1.12550779092345e-07 4.0828851099139e-08 6.0245313634623e-09 1.27695878039149e-08 1.4703337241127e-09 1.13155817237527e-06 3.2859577422662e-07 1.28116877130463e-06 2.40518863113909e-07 1.75151872556403e-08 5.45656227042072e-10 9.56599045079177e-09 9.7305000220416e-09 9.99029087212375e-09 3.13747543020986e-07 3.44710867546056e-08 1.83369462272344e-06 5.08889498818032e-06 9.69305188046361e-07 3.39338632159662e-07 1.5414703926647e-08 3.22221060481389e-09 4.84918837489557e-09 4.93521011600765e-07 1.39965537000944e-06 2.56434253293021e-06 8.36949475621888e-07 5.57189908450208e-09 5.05176435368291e-06 2.47375131653401e-05 6.29051937280282e-06 7.9971769963043e-08 1.21997127099324e-07 6.48517763537106e-07 2.22893443422927e-07 1.2882438187588e-06 3.81008950706398e-06 4.53765065887812e-06 3.01400120595498e-06
3.27446027716161e-08 3.87404367866278e-08 7.05880235454372e-09 4.40494519395918e-09 2.13748985709871e-09 1.97030309567872e-08 4.21403487176234e-07 1.42347929133243e-10 7.42190947450885e-08 3.26094844582146e-08 3.68655068756048e-08 1.90805848054653e-09 1.08235586049848e-08 3.5036212649392e-07 2.23576953446876e-06 3.99556428716302e-08 1.36546213173292e-05 7.25214153830517e-07 1.15220554487469e-05 3.31715225295484e-07 2.57016871378285e-08 3.95611760390433e-08 8.68437937979609e-09 1.71526207569722e-08 2.66348250131938e-07 4.56894007666713e-07 2.81975450265765e-06 7.0310226780898e-07 8.02400545119393e-09 1.14126178945879e-06 4.39839861196877e-07 5.61998906034889e-08 2.95472868356932e-07 6.76231883510746e-08 7.02786477240942e-07 1.25989609927097e-06 7.24431662872161e-07 8.51110711005885e-07 1.683719837813e-06 2.63454417846463e-06 3.17085564709215e-06
1.06647280967307e-07 1.42214806883391e-07 2.43399641845591e-09 5.5056913548025e-08 4.43931277701529e-08 3.99791981107551e-08 8.78973661175987e-08 1.06786862193102e-09 2.43835471087569e-09 4.77445245359673e-09 2.48983384862628e-08 1.12638413691769e-08 5.98129023072017e-09 3.67659551006885e-08 9.44678318092194e-06 6.90881666450768e-07 5.15905939773684e-06 2.29215492304414e-07 2.35809935619957e-07 7.88920124170534e-09 1.7969475722323e-08 8.32444354583891e-09 4.43005982283335e-09 1.03809630486588e-06 2.19148733733142e-06 5.19475271625657e-07 5.5420502289226e-08 1.3683611969724e-06 1.09892148456134e-07 6.63984190463982e-08 4.02638325897496e-07 1.40034390909747e-06 2.62126347330275e-06 9.02896879903284e-07 2.69609663941232e-07 2.74166154361356e-07 3.39077166500423e-07 1.50504386921075e-06 2.30043587336294e-06 6.5863612709618e-07 3.57931804941586e-06
2.5466800911828e-07 4.16654606596506e-07 4.81263291181262e-07 4.04000736199071e-08 8.97362487915379e-07 3.02385149854469e-08 6.92447851047481e-10 1.57044304535114e-08 1.15569212885231e-08 6.3287410364376e-09 1.01305414316496e-08 1.89676248827922e-08 7.30147424712283e-11 1.88443464536651e-06 1.57225065136724e-07 1.67024595921593e-07 1.53358496452419e-08 4.39731658129682e-07 9.70244127471242e-09 2.54639905126036e-10 2.10519394392693e-08 3.9283343132935e-08 3.71600049781018e-07 2.21365582994754e-06 1.76039707031307e-06 4.4888892111881e-09 3.77123105063886e-07 1.08323588954741e-06 6.07268475067335e-07 3.05815615396579e-06 3.71102245796073e-06 7.97623480905385e-08 1.19184357267167e-07 2.88455712629377e-07 2.45682743912187e-07 1.44650291152651e-05 3.65159572531284e-06 3.23094163853104e-07 3.76028225091466e-07 1.51505525376509e-05 4.84691906667531e-06
1.26765434168274e-07 1.03481919335431e-06 1.13165354669666e-07 9.93712708743609e-09 8.03014248060966e-08 2.25371879889854e-09 2.30799715148843e-08 3.0818150614829e-08 1.03736327095975e-08 3.36431918835451e-09 1.68738403863345e-09 1.0428900747094e-08 2.37290594620751e-06 2.06255586380453e-06 7.35645179954785e-10 2.1328236349986e-08 8.32323650752814e-08 1.35995236044395e-09 3.30380202636701e-10 4.21576750914141e-09 1.32230710268469e-08 9.97397864506406e-08 3.5149667960284e-06 1.68327835950778e-06 3.32558116407701e-06 4.27858262509731e-08 4.50194075622702e-07 4.70350150759938e-06 1.74287160318495e-06 2.36527863793584e-08 1.41296041380528e-08 2.17156903138395e-07 1.16364019037565e-06 3.12843670976573e-06 3.98409193873502e-06 2.54391275342044e-06 9.13407450170539e-07 4.03421777876993e-06 2.83864042581135e-06 4.64150103658057e-06 1.77923683211224e-06
5.53737137244428e-08 2.98204522941462e-08 9.21774295715097e-10 5.19611059865766e-09 7.76605457381806e-09 1.85083503796439e-07 1.2368297819585e-06 6.2867463657965e-08 3.92482596161498e-08 6.84143847895999e-10 1.28028555476733e-07 7.19920505840743e-07 5.33539734694313e-07 1.90015451342173e-10 6.16028903720491e-10 6.13395885629707e-09 1.31577429165345e-09 2.15242758571423e-10 1.48057416430406e-09 6.82587290476792e-09 3.59119490514723e-08 6.4080568550735e-07 3.32977426501312e-06 6.21345179137035e-06 1.31215942969937e-07 1.69831657337183e-08 9.30383154288126e-07 4.47615321980184e-07 4.39614042718448e-07 2.50744220699172e-08 3.08698447306848e-07 4.48368187637745e-06 3.99372450820795e-06 2.36192263502811e-06 4.21474681823094e-06 3.23748411819701e-06 2.35530670899615e-06 9.01819789425739e-07 9.54874616170941e-07 6.21734544942866e-06 7.0411952973465e-06
6.51816141870287e-08 2.41811697100505e-08 1.04645552868621e-08 1.00019678999471e-08 1.16755665881891e-08 1.32048434647433e-09 1.51295628333498e-08 4.59477366954718e-08 8.45057312119939e-10 1.68418404934721e-07 2.30566183394041e-07 8.17076058920228e-08 9.59081571411654e-09 1.3628672737994e-09 2.45064346860418e-09 1.5058808207471e-08 7.06347293446282e-09 2.28941553703258e-09 3.98208440302789e-09 2.03580666435646e-08 1.58985033140212e-07 3.79024112579693e-07 6.63835682136218e-08 4.64864531840693e-09 1.52250306794903e-09 5.07485092320771e-07 3.15566152406415e-07 1.05511436792676e-06 6.57530531830026e-07 2.71552397172872e-08 4.18515591810305e-07 1.28864340273285e-05 1.2295272898583e-06 2.53385218229193e-07 2.78430692059513e-07 1.60519668660549e-07 1.47098029585968e-07 4.42867877902838e-06 4.36963093486779e-07 1.68816447384449e-06 2.25855283324219e-05
2.00144626621364e-07 2.20018722132506e-08 8.54643456670109e-09 2.60822845247553e-09 2.06450056062438e-08 3.51285623412141e-08 1.24285936648542e-08 8.07126653916568e-09 2.93155021628765e-09 6.73488472980593e-06 3.4742820630989e-07 1.02341226167292e-08 2.43641376978826e-09 9.60304766597514e-08 8.35611372676438e-09 3.14378280640949e-08 2.59177032189844e-08 9.72142100993608e-09 1.14643695132105e-09 7.83097749342838e-09 1.8225650468352e-07 1.03603216787694e-06 2.55652833569139e-08 3.73744126831577e-09 7.91186902377539e-09 8.97867638781966e-07 1.07418143737336e-06 4.05281191045723e-07 3.83656842395271e-08 1.4976392373373e-08 1.59310922552835e-06 3.74312249158795e-07 1.28651819484305e-08 8.30877672884972e-07 1.60144810616975e-07 7.22496914142366e-08 1.0869193280845e-06 1.95961747722726e-05 2.29559827496268e-05 3.09427903263126e-05 6.45601734237218e-05
1.12265788631633e-08 7.91383988403559e-09 1.55910023578506e-08 4.16833316722781e-09 1.33358306008009e-08 4.8484203405992e-07 5.05249835417468e-09 2.81309569714942e-07 9.88031056185141e-06 2.48861183312152e-06 5.9095591027937e-08 1.22025230944647e-08 9.5502228096966e-07 4.29157061354602e-08 1.1725425602307e-08 2.86415671617596e-07 7.1001106181747e-09 9.02782724293585e-10 1.2241195011947e-08 3.04541823473516e-07 5.3437966178679e-07 6.56926288707925e-09 2.80518357186239e-08 4.72619167948935e-07 1.82385820102599e-06 6.74696605722826e-08 1.03453097618044e-09 1.07337735060424e-06 4.78349801844641e-07 3.65476908510492e-09 7.43341845375822e-08 3.67555050355412e-07 3.2860552814594e-08 4.2438657510684e-08 3.98849627471099e-07 1.89560830234565e-07 8.91956546967063e-07 1.22403049506132e-06 7.58055795980013e-07 2.65334559009404e-05 1.09112215420372e-06
6.8098728049876e-08 6.69680511533367e-07 2.89781173801893e-06 9.21423520927504e-06 7.76861034832182e-06 3.65634105905676e-06 1.02011736961836e-07 5.1131363286301e-06 1.60565335285563e-06 4.36037856735142e-10 3.72179643437899e-08 1.31830200404343e-07 1.66816936962262e-08 5.67866465907287e-10 2.12110559039038e-09 5.33807484766186e-10 8.71657536519592e-09 1.29256020557376e-09 2.03092099828138e-08 3.1090284049346e-08 1.10717781673149e-07 2.98045376217207e-08 5.13355263423189e-07 8.29923150876196e-07 3.81323609579187e-08 8.25621052445216e-09 3.15612880010494e-09 1.01147942272253e-08 1.65573213807113e-08 2.45427170527616e-07 2.79731198053495e-07 4.06223670833798e-08 2.80414706033546e-08 6.17666226643903e-07 1.10076342434653e-07 1.60826776065807e-07 7.48408378097298e-07 1.36989866292058e-06 9.05642248713018e-06 9.69027989805452e-06 5.96482282632998e-06
6.42870397741244e-05 8.63601036971465e-05 6.09713706934835e-06 1.02097698896075e-05 6.00062578875857e-06 2.22028869124367e-06 1.81110818109404e-07 2.5025599180391e-08 3.64310644532789e-08 1.91495564064433e-08 2.3091986226646e-07 3.24660076616826e-09 2.3661269072473e-09 1.36978239819788e-10 1.46100014015766e-09 3.45803053787884e-09 6.56556230510031e-08 3.18660687696733e-08 3.64082327934503e-07 1.18805860124298e-06 2.39150825957612e-09 4.81604046829493e-09 1.29154996043073e-06 1.00004693156863e-07 6.91592559139883e-09 4.80383490208972e-09 1.28597152089432e-07 6.20029216465578e-08 1.38558954406365e-07 3.40330286797077e-07 4.26807857841415e-08 4.40435421904729e-07 7.30263213312025e-06 4.81143720956241e-07 6.84224629040214e-07 9.78752324390506e-06 2.00048166940464e-05 7.23532279862555e-06 2.62930023547194e-06 1.65253165886559e-05 9.04209901318713e-06
1.68203401004028e-05 4.88436010215387e-06 2.33821075310278e-07 3.63791205718506e-07 4.07544620993064e-07 3.99773202322676e-09 8.45313768781065e-07 2.77916500769517e-09 7.41466980834255e-09 3.30132092237995e-06 8.56719642352792e-09 3.4409570764259e-11 4.53059086618626e-09 2.37024532165228e-11 5.82497444131913e-09 5.23752269857532e-08 1.72276545882717e-08 7.65314179610607e-07 8.93498070959452e-08 6.52695119837832e-08 1.02639198744813e-09 7.00248835109749e-08 2.42551230091156e-07 5.80010058471279e-08 4.81590725436278e-08 2.3087099996527e-08 3.75551029396666e-09 2.69261979062271e-07 3.30044421586034e-08 8.38320139461605e-08 5.6484622943884e-07 3.24702089940229e-05 1.7849536764829e-05 2.18114964961948e-06 1.33082877378376e-05 2.35556325330314e-05 1.70880540202057e-06 6.02671229891817e-07 3.66657365724224e-06 5.11109221305315e-06 2.17848859316783e-05
3.81782626018918e-09 1.48833455345814e-09 1.20252986442437e-08 6.81421992183323e-08 2.39005495838739e-07 1.53932131048282e-07 4.65184913181898e-08 5.47367019415112e-10 1.99307609087103e-10 7.9254491053283e-09 1.20341564657112e-09 7.92316416105067e-09 4.62129404729742e-08 3.8232553191061e-09 5.54164128991688e-08 4.31790873933935e-07 1.20098565491613e-07 2.15493748209072e-07 8.32691500552347e-09 5.03438036249184e-08 4.75269385786155e-09 2.36704842511299e-08 5.43454167703258e-06 2.25056728186255e-09 1.34752062107242e-09 5.25523528985111e-09 9.07869633172385e-09 2.33377170180757e-07 9.57400472448646e-09 6.52954768658856e-07 1.41597249995075e-06 9.27674119152702e-06 2.04980227829459e-06 3.49030802503083e-06 1.20154565764622e-05 4.75885993124556e-06 1.69275678420567e-06 2.8942604406417e-06 5.93766387074256e-06 7.74448786134737e-06 7.08556647359173e-06
