fishcamp/mu_4.asc
NCOLS 400
NROWS 200
XLLCORNER 267999
YLLCORNER 4148999
CELLSIZE 5
NODATA_VALUE -1
[rows 171 to 189 of 200, columns 82 to 122 of 400]
7.91230350623248e-11 2.82967550621804e-11 5.20318480393701e-11 4.59058911901698e-10 8.0726916031984e-11 5.18334780505066e-10 5.71753029282124e-10 1.75822727106507e-09 1.7650299565774e-10 3.27518745508039e-13 1.29795475114148e-12 1.39713738349468e-11 7.72706735071136e-14 2.18524194159e-14 9.67975040819323e-12 2.40729223876068e-09 5.6398567401562e-09 4.69548452515465e-10 3.00487710172658e-09 1.76846502385762e-08 9.07621810930624e-10 1.45201397540121e-08 1.30734364519974e-09 5.01212535164673e-10 5.38148885161529e-09 7.70461110101165e-08 4.58279276013051e-09 6.12035641480653e-09 2.39033933240239e-09 9.31028025192663e-09 5.08071442218151e-08 1.81092286690192e-07 2.97555864804657e-08 1.53865022154661e-07 1.49335681321693e-07 1.78724597773198e-07 2.37110979479029e-06 3.00591429202234e-07 3.58170439615033e-07 7.47107109013404e-07 1.20518757760967e-05
7.86022459130999e-11 7.13178486225221e-11 2.18964336067837e-11 4.3962279769911e-11 9.02695817239188e-11 1.36140129813312e-11 2.25767329362226e-12 6.21023538093152e-10 2.0593441501224e-12 9.27591506424736e-13 8.97777170065996e-13 8.98995202152019e-11 1.26133581495572e-11 2.36980661241873e-11 9.90999019751814e-11 6.61109422662401e-10 1.29179149521406e-09 3.30031813301785e-10 1.07489593699717e-09 1.42703975967506e-08 1.3532856930445e-11 8.25636421600237e-10 7.08342625108051e-11 8.21975829094257e-11 3.60283957842365e-09 1.40997445764388e-08 2.77803719111829e-09 7.41037441743486e-10 5.71729305105206e-10 1.22980550319245e-08 3.20195986007864e-07 7.97876841992597e-07 5.08201840547273e-08 8.57420324255072e-06 3.81359968556149e-07 4.21326872222474e-07 2.76501714026719e-07 8.71828567894078e-08 2.2050059305862e-07 1.3261691786222e-05 2.81117877011851e-06
6.74872057013337e-10 5.24735051095014e-11 3.00886852867046e-11 2.05463039805389e-11 4.61040350564936e-11 7.39722659606504e-11 1.010565420704e-09 1.1224892172954e-10 1.80834183585029e-11 2.78729376298900e-11 4.83715262764434e-11 1.13954526865132e-10 4.20550660010151e-09 2.67340782002176e-10 1.66694598234872e-10 4.39843887262255e-10 3.40166660622203e-10 5.75453685785474e-10 5.15625473031242e-10 1.00864239379297e-09 3.8608932068188e-10 7.29358329859046e-10 2.11600074936134e-09 3.29423750735872e-09 7.56349749005118e-09 1.72524504219907e-09 2.43422860390644e-08 1.36422938842699e-09 3.70965808923964e-07 8.98275362535719e-08 3.92288642186396e-07 8.83756631927982e-07 4.09063710053224e-08 4.48352427427249e-07 9.14084638075959e-07 3.85809572134082e-07 3.3694791293028e-08 3.38321184899111e-08 1.19760183371478e-07 3.34932412331455e-08 2.87329754990832e-07
2.38576746678545e-09 1.27416268693278e-09 8.36981681276766e-11 1.56391423299007e-10 2.78445482229073e-11 2.25473240538464e-10 1.89797802864567e-11 1.00136292386835e-10 1.66351024179037e-10 2.7144306528268e-10 2.32902841634314e-10 2.57194001425782e-11 1.40656651035625e-11 7.28210040706446e-10 1.45972350590146e-09 2.3482399540018e-09 2.569123151403e-09 1.27045567907528e-08 1.46314710919226e-09 1.01810395698394e-08 2.97676055113198e-08 2.48373417548729e-08 3.47124243889356e-08 4.6349514503647e-08 2.80628374171313e-08 1.77764040895367e-07 1.12723895237991e-06 7.4525772422055e-08 2.37014518919866e-07 5.93947511732406e-07 1.61800183293096e-06 6.43417654642807e-07 1.9941963610406e-07 1.16447189716791e-06 7.89853838749248e-07 9.61025595602306e-07 2.09710603579283e-07 4.69373085140502e-08 5.30935165898717e-08 1.89911432645409e-07 6.98663682463787e-07
5.08422973657819e-10 6.23442124966888e-10 4.20852718911092e-10 8.11680116268739e-11 3.64336267523512e-12 2.01266527745696e-10 4.67225204594217e-10 7.2994496429851e-11 3.06457030534366e-09 6.43077039733528e-09 7.72440492682025e-10 3.0203505463743e-09 1.25791906073606e-09 8.38245473143426e-09 3.77887137951633e-09 3.33540855213632e-09 1.0159925831758e-08 2.87703490544302e-10 2.99658276057699e-09 4.83578515861042e-09 3.49598177992254e-08 1.08514859734977e-09 7.82197432682716e-09 3.071940931018e-09 2.52214448560806e-08 3.51694269871136e-08 1.42128390314807e-07 3.05563005223559e-08 2.82617728925592e-08 5.14232079772447e-08 1.62038539815427e-06 1.45071850843519e-07 2.35218742384165e-07 8.30545729130528e-07 4.57297084159833e-07 1.83707696509652e-07 5.23623126732849e-07 1.65869949847658e-07 1.6099807612205e-07 4.39101501780762e-08 1.98816046764606e-07
4.40707074742979e-10 3.65753611934737e-10 2.76901033359114e-10 2.84132869764224e-10 1.16071278972122e-10 2.98737254050832e-10 1.22691592002579e-09 4.97003409462028e-11 2.76710732924266e-10 1.41891233681072e-09 1.51194363895979e-09 2.47351155150654e-10 1.90298008368838e-09 2.65443463770073e-08 1.25854987979176e-09 6.39189765113029e-10 6.76265335392068e-10 3.77768714278434e-10 3.76604708882986e-10 3.9375003144061e-10 1.11806920774414e-08 1.81696617871941e-08 2.75354228201159e-08 1.3982222163715e-07 3.90884562169632e-08 1.18779191229768e-07 1.72810566860032e-07 3.9673445992383e-07 2.85712957722188e-08 3.16869532402344e-06 3.48683962498307e-06 3.54990134665549e-07 2.30792355273041e-07 2.69826956996592e-07 1.80565519150808e-07 2.88222294738735e-07 6.47874720053186e-07 1.4919020214222e-07 1.25257441732365e-07 1.8262073721152e-07 6.95870312607926e-08
3.78755680702342e-10 3.38030557263801e-10 1.2349188993895e-10 1.10003358122826e-09 4.52853677842455e-09 2.4701647008778e-12 5.78545507636172e-11 4.49375273765203e-09 1.61744992087042e-10 5.86291893091897e-11 2.67825200139133e-10 1.23710643300936e-10 7.97694965619053e-09 6.03684178870865e-11 1.58024259683893e-10 1.01583672657685e-08 6.20265308766392e-10 2.29073519165155e-09 6.2243620990176e-09 2.22010897373747e-07 1.18745183878079e-05 2.62134601738978e-05 6.47368874936179e-07 1.05199243788647e-05 6.1339524258918e-07 1.05342217465348e-07 4.54233209594428e-07 4.72866117139255e-07 9.74047348802066e-07 2.56360971456382e-06 3.66779745795096e-08 9.0768756983218e-07 4.0688130665194e-07 2.17336534459249e-07 7.81096735505846e-07 1.61100608528787e-07 6.3436972269828e-08 8.78359098364528e-08 4.16472964311996e-08 3.86209317366874e-08 9.14860841380289e-08
4.97921638746244e-09 7.32647249231336e-12 8.9104579205081e-11 3.0713753436043e-11 1.35686889434231e-10 1.79625513500741e-10 3.18077147529859e-11 4.60079939930604e-10 5.8367429688856e-10 3.12136885750254e-09 1.05825143363848e-09 8.12504735373279e-09 4.56979387343826e-10 1.80430637559479e-08 5.06826509710433e-10 2.42774915303492e-07 8.58837544307585e-08 1.64485546751756e-08 1.0836858675879e-07 3.5480809363169e-06 8.17410313152025e-06 4.60585198267966e-07 1.30891833290213e-07 8.88639012476021e-06 6.42102985658829e-06 7.82360411523809e-06 2.96717904192787e-06 2.16851246077566e-07 4.77167585671841e-07 1.57395600539977e-07 1.1375405800436e-07 2.47607463487591e-07 4.82853992272493e-07 2.78094911776852e-07 7.09751007674282e-08 2.3459740769358e-07 6.1560131514131e-08 2.57252751876941e-09 7.27982334160391e-08 8.93841526434301e-08 2.27910799304753e-08
1.92890878233729e-10 1.24914411249337e-10 2.05476292190013e-11 6.15234290689313e-11 1.06216919516481e-09 2.8292971760487e-10 2.07837877893487e-09 9.6008078175287e-10 1.36919074031963e-09 7.65534104181395e-09 4.72757968656977e-08 1.5910468519932e-08 3.16094999699088e-08 3.23929690994226e-08 4.1003056694665e-07 4.86387148879953e-09 5.38487384224323e-08 9.65781084992674e-09 2.99278591225542e-08 1.20056874481784e-06 1.12984050523788e-07 1.92206371567582e-09 2.5663123507905e-07 1.1551531835622e-07 1.07196260255834e-06 1.26127658168978e-06 8.22871237965293e-07 2.56648307264771e-07 1.58217004895615e-07 1.94013140280403e-07 1.22049414198168e-07 2.15672899945003e-07 2.03697434465261e-06 2.70263460496317e-06 2.23846176795829e-07 2.02476276628912e-07 5.6872871967069e-08 4.92403711608083e-09 9.08201678931892e-09 5.16347148488623e-08 8.46281454488698e-08
4.2478319988604e-13 4.3108268517635e-11 6.63651566989093e-10 3.63222933512575e-11 8.63865991761445e-10 5.33811664837636e-10 6.46476831442194e-11 1.88024405128682e-09 2.02311916029178e-09 6.33220843834332e-09 3.25157414162572e-10 6.38334806492414e-09 9.20849106277406e-09 1.23128548690759e-09 2.20678371764032e-09 1.6777905657313e-09 5.3979989044287e-08 4.28436411869491e-07 1.65630961492672e-07 1.06781696428954e-07 8.42728601955623e-08 9.28094071517009e-08 3.65666992878083e-07 2.52456309035682e-07 1.43813215110087e-07 4.85234939704857e-07 3.22727036673719e-07 1.31261560789576e-06 2.22550328238748e-07 3.74228658167912e-07 1.92357637200044e-07 1.99713948668361e-07 2.00775988920172e-07 4.56067449625582e-07 1.23650871763938e-07 7.62256164145623e-08 3.04591665447877e-08 1.01205285649911e-08 5.4130610703025e-08 2.23473182526776e-08 9.78628717917137e-09
3.71836460698e-10 4.28114150202725e-10 4.15316658370578e-10 2.53405683084612e-08 1.50903599865521e-10 9.75318759332153e-10 8.01078331085687e-11 4.2647457653543e-10 1.15218934013563e-08 2.23259167800169e-08 2.8637652768284e-08 2.17599670706625e-07 4.43213933886131e-08 7.88397292539735e-10 2.13897444216215e-08 6.47591837540675e-08 3.95476498703274e-07 3.01624028032124e-08 1.73873135156809e-09 2.00572069087844e-08 1.42892830690275e-07 1.30147075250029e-07 2.40556336939274e-07 1.98249972560888e-07 5.63141270162581e-07 1.93372512340769e-06 2.03550171479299e-05 5.62522331863071e-06 1.11064579956992e-06 4.25254875789186e-08 5.298191420238e-08 1.33732720363825e-07 1.1163924030502e-07 3.58425695369429e-07 3.30389508383292e-07 1.53977411134995e-07 6.16150062572119e-09 5.11441389970659e-09 1.5122727645907e-08 7.57593614735384e-08 9.01854243170599e-08
1.06238325424188e-10 3.87101768728015e-10 2.39873098386541e-08 5.96621123953078e-10 1.31158523598493e-09 3.88484342467294e-10 1.66650064093153e-10 1.64086679900932e-09 2.02351751188103e-07 1.01863437251724e-10 2.5885160321084e-09 5.33362610298836e-08 4.12657648870953e-09 8.03687772221653e-09 9.56178083226846e-08 1.73930809094167e-06 3.43039441887064e-09 2.09736245513052e-09 3.06380839077587e-08 1.11352748962283e-07 3.08126839400286e-08 2.22729872421161e-07 3.1242141238215e-07 5.43727065630614e-07 1.05947780590765e-06 6.47590546191379e-06 2.67050942311838e-05 0.000110125274669531 5.28718288081156e-06 1.00553473613938e-07 7.39119794443888e-08 8.03571105984857e-08 2.52423527671623e-08 1.15802755937281e-07 7.06015705833382e-07 1.51940574738435e-07 5.23684429978983e-08 1.01633098344485e-08 3.46042267514837e-08 1.93487704947843e-08 1.19428561862425e-08
8.80847505005163e-10 4.07588995123529e-09 2.56161089821824e-10 3.08607052087885e-09 2.55388340393912e-09 1.09100088491631e-08 2.28694204492909e-10 1.13145699290621e-07 2.81655594517405e-09 5.23149649382933e-09 1.13708094737318e-08 3.82003843354537e-11 3.41971963367401e-09 1.64267996280407e-09 2.68108814643166e-07 2.42015659625365e-08 6.24937160787067e-09 8.97000135139157e-09 6.27389575977065e-07 4.20682741055302e-07 1.80311652033545e-07 7.12936130358631e-08 7.7824302655132e-07 6.2693740572854e-07 1.76851835182864e-06 1.09088745199692e-05 2.33518470245937e-05 1.91043844745144e-05 0.00012691568628894 5.43986671375954e-08 3.19092154473939e-08 2.19366541147396e-08 2.39454492936189e-08 1.22088537532439e-08 3.39136329400559e-08 1.28064425421624e-08 1.27177459334836e-07 1.42782321642896e-08 3.73479052916215e-10 1.93192786200035e-08 2.2947201885903e-08
7.05005681436037e-08 3.37242821294116e-09 1.81957234528614e-10 1.3017636367632e-08 1.62181974804887e-07 1.43512507947396e-08 4.98558038879369e-08 1.63238062414211e-08 9.84220736146837e-10 2.33137667809678e-07 3.49340068320479e-07 1.4684437729176e-10 3.60503586810807e-08 1.2294934814357e-06 1.39092793806641e-08 7.56069636607091e-09 7.79272517592164e-09 6.19029921287533e-08 7.07097759745085e-07 3.94802335653004e-07 4.41371445366081e-07 4.61321013473092e-07 1.62345621217318e-06 1.04607647324832e-06 6.81489313459385e-07 1.87272072874259e-06 0.000108745814225541 6.64989798701974e-05 0.00026049027672702 3.72508172715299e-06 5.42707842244125e-08 7.54517398557888e-09 6.32803367866405e-09 7.60782926349232e-09 6.17151348862432e-09 1.2903069513589e-08 9.58940185409901e-09 2.39201952499645e-07 1.23168448989532e-08 2.78713567203391e-08 7.37166132842993e-06
1.30938778355313e-08 4.06370050063111e-08 2.3443452119902e-06 5.81850417287388e-07 5.83989380225959e-10 1.32875342349366e-09 4.90367611011721e-09 1.45293581355383e-08 2.83689022137083e-07 2.15679478942896e-07 4.23721241241156e-07 2.39234495207732e-07 9.20721552971378e-08 6.27249775109928e-08 2.75210324031576e-07 1.95289624149962e-08 1.46962935707404e-08 1.34125499929245e-07 1.69857270889146e-06 1.29337666869847e-06 4.17267030884208e-07 2.13752695836612e-07 3.779177023266e-07 2.58240481781332e-07 2.31247163365988e-07 3.19000546112909e-07 5.16945411485793e-07 3.04516773533714e-07 3.51875166071512e-07 4.15500285266861e-07 7.36801056132365e-08 1.76186774443652e-08 2.71073472535463e-09 5.44236619682344e-09 2.65549099230073e-08 1.80025017753249e-07 1.48634254760903e-08 2.27162431518955e-09 1.52488030881753e-08 1.27564490964201e-08 1.23181890858724e-06
1.4298436752553e-06 1.55337156718309e-06 1.41081887656699e-06 7.51401737954922e-07 8.87295998237652e-07 1.07203990540013e-08 5.23978456378336e-08 4.12822722417538e-06 1.02467166642575e-07 6.71111319011858e-08 5.34254376374414e-08 1.3309946044939e-06 1.83819053223609e-07 2.14991081844564e-07 2.48412028558107e-08 1.45938666695426e-08 5.50978198708593e-08 1.97784785743897e-07 1.81020651139215e-07 2.87831218698623e-07 3.95174759282382e-07 1.55981432387206e-07 1.06436145792223e-07 7.54114199376386e-08 8.16900995672125e-08 8.52868580860438e-08 1.22507503003489e-07 1.21008863472862e-07 1.31405264153021e-08 2.50946452817174e-08 1.7984853973609e-08 1.68965673791928e-08 8.16379996105676e-09 1.26878435445668e-08 2.59250686980974e-08 3.02934129662092e-08 4.31895081386905e-07 1.00117931731463e-07 1.03249940588448e-08 2.1388503846576e-08 3.79865953913419e-09
2.04636903974681e-06 1.05618195785316e-06 1.04538631091377e-06 2.24991588351417e-08 7.91579078028025e-07 1.00196644100089e-07 1.13868133741229e-05 2.49059465547673e-07 3.54982688741332e-08 1.06673258141279e-08 1.97029786555771e-08 2.19695263595712e-07 1.39678780251213e-08 1.05237537348344e-07 2.82291868429239e-07 4.16617207406396e-08 4.96059217729893e-08 6.30648017350566e-08 2.15271630823445e-08 2.90459063858011e-08 1.61753850829216e-07 1.24188435626174e-07 9.34108047465582e-08 3.21426493295808e-08 4.09232254941107e-08 2.73767980117984e-08 3.51656881982942e-08 9.51750917833637e-08 9.81435353280133e-09 6.72319814792037e-09 3.5426493124944e-09 1.42514871061592e-08 5.95735098966639e-09 8.00529084154131e-09 9.12540296578484e-09 3.32383554961124e-08 1.37288231982762e-08 1.67911549329126e-07 4.07672292754172e-06 2.05101944182636e-08 2.7842656492982e-08
2.24562803482618e-07 1.17763514870692e-05 5.48728647245195e-06 5.88672483118154e-07 1.50335590536323e-07 6.73820551222454e-06 2.07266529849159e-07 1.49372138959479e-07 5.90275041594984e-08 6.10585932702599e-07 3.8711898755167e-07 5.87434207217484e-07 1.05649553993723e-07 3.55951790751568e-09 4.22089017198216e-08 3.02619291493114e-07 2.74234017558429e-08 6.69918216227525e-09 1.17582115065212e-08 2.02735490810881e-08 3.01341691569993e-08 1.53819775871762e-08 2.64062099973082e-08 2.41625594793893e-08 1.96842830537839e-08 1.39809578718172e-08 1.10386779259436e-09 5.50588295859693e-09 4.91603141375683e-09 2.39478293574965e-09 9.22776723449491e-09 5.4319227774924e-08 9.28609637263176e-08 5.16453249120637e-08 6.93378933552616e-08 1.09049048899003e-08 1.14809669094982e-07 3.40298274997484e-09 3.24304749854277e-06 9.21385179410899e-06 1.5562269423368e-09
2.95462572213923e-07 5.71208231478318e-06 1.25497625025216e-07 3.92525201021196e-06 1.16970197463426e-05 1.02582775643998e-06 2.60726081684015e-07 2.23922041945171e-07 2.66235185888444e-07 3.95412064713594e-07 5.59281930456178e-07 1.65864762622775e-07 1.9319831680038e-08 2.34923664006235e-08 2.37349848063467e-08 1.61001426857409e-08 5.33094243628818e-09 1.07403314686353e-08 9.20859039951482e-09 2.50371776734503e-09 1.43742275114939e-08 4.02618443146936e-09 4.50238286753152e-09 1.55818465068812e-08 1.55225108721329e-08 3.64251185149879e-09 2.98444066978745e-08 6.71562175137359e-09 6.52480896248884e-09 2.4640795996598e-09 3.87030110447753e-10 1.67822621023494e-08 3.32994984950789e-06 4.59004255591151e-08 6.59593945303857e-09 1.40567644317584e-07 1.58653448942012e-08 1.81614740160301e-09 1.04559488108006e-08 4.82265553079979e-06 6.25289400359884e-07
