fishcamp/mu_4.asc
NCOLS 400
NROWS 200
XLLCORNER 267999
YLLCORNER 4148999
CELLSIZE 5
NODATA_VALUE -1
[rows 171 to 189 of 200, columns 287 to 327 of 400]
2.49014080392125e-07 2.59518107097387e-06 2.64788234367893e-05 0.000106210415652889 0.000195310170727326 0.00491029835732026 0.0457321728116962 0.00908520670171255 0.000175396710583331 0.000147342316065428 0.000103106810208526 7.47393406032237e-05 8.45840669298461e-05 0.000112895588614967 0.000155484287151229 6.06271026697854e-05 1.0610779600898e-05 1.84286679243157e-05 9.8203232270463e-06 7.10408046496222e-06 3.59711813769237e-05 1.23073848116164e-06 6.77167355065712e-06 9.97145337225343e-06 6.94173804469486e-05 6.33830178896364e-05 1.63960440723058e-05 9.91537368892729e-05 8.07313556418315e-05 0.00012583668000548 0.000166976414774486 0.000166196598475962 8.04538718957206e-05 4.1187242301486e-05 1.81982991534052e-05 8.91376767901504e-06 8.51544333309967e-05 0.00026090749615161 0.000133640129222296 5.80292357715453e-05 0.000129458847688069
4.33119571961338e-06 7.11000118654161e-07 3.85522824554755e-05 9.01062078431073e-05 0.00318569220103189 0.041899132086291 0.00323775652002131 0.00144115256842199 0.000617069912302559 8.80522723248288e-05 0.000156677615655894 5.95994778866585e-05 1.82655925619339e-05 6.5980290558164e-05 6.57787974721014e-05 0.000105704210657827 8.21505627570848e-05 1.4621529705157e-05 1.77494916651822e-05 1.71555592677108e-05 4.66230589508092e-07 4.48705692007381e-06 4.72120635931124e-07 1.31035342015595e-05 1.28219155501988e-05 7.04887417134828e-05 8.94321318359718e-06 4.15238800567436e-05 1.9726763960365e-05 0.000111213511326172 0.000135827474144493 1.88386329978134e-06 4.17127874473311e-05 8.9145946130609e-05 1.2149383749751e-05 2.39172595721554e-05 5.30976328717616e-05 0.000170348756681462 7.61774758578811e-05 3.61644584017519e-05 2.60660385204712e-05
1.08470186799225e-08 4.02483969088258e-07 6.69201630118461e-05 8.25133475895431e-05 0.00112253270953694 0.819168540933924 0.00173597637931691 0.000386680198439162 9.15539580811159e-05 5.86303245115086e-05 0.000899187114836913 3.27664842292948e-05 4.2815112139352e-05 6.97311013226488e-05 7.741886803542e-05 1.44371644387501e-05 5.08273111476036e-05 2.32533903458007e-05 3.03360972129444e-05 3.85771894930257e-06 5.23561201564349e-07 3.92227265712558e-05 5.74674637204921e-06 7.12776681721216e-05 3.40629261516285e-06 1.17526152717711e-05 3.99526865488047e-06 1.24601037584924e-06 2.82242424444153e-06 1.17424341651771e-05 5.19313649370953e-06 1.18792033166644e-05 5.12069100989945e-07 0.000115031338150895 6.56468725023474e-05 2.86391898239811e-05 6.63651522234507e-05 2.15909445314789e-05 9.82041041691186e-06 2.64890091872933e-05 5.83879948552048e-05
1.12442886813284e-07 8.26212889018639e-07 2.98717172403319e-05 0.00136084057545066 0.00107413502523579 0.0132862912062519 0.000936843569720226 0.000117435032495707 0.000112456452601294 0.00112329435759093 5.7733622419102e-05 7.83564267395742e-05 3.71187644054103e-05 4.58590035946796e-05 3.17703969709954e-05 0.000316883015440774 3.5529214391265e-05 3.44285213963734e-05 6.3253793018149e-05 1.84489432125685e-05 1.22483799114619e-05 2.27398754439374e-08 2.94249509660727e-06 3.46654786507084e-07 3.66291833910584e-07 8.87787893180627e-07 5.40206054415762e-07 2.53245012849887e-08 6.7365065503614e-09 2.15238690187929e-05 4.46663723176193e-06 6.21704304516729e-06 4.58092240100161e-06 1.81576272328871e-05 1.4614100845997e-05 6.99261670673592e-06 2.76665966676425e-05 3.13890008222127e-05 4.17380756009019e-05 3.66754509124451e-05 1.92962631096531e-05
2.72032147874458e-07 8.21534246215913e-06 9.75907542017162e-05 0.000618273264465604 0.0392222668816292 0.00633619190839845 0.000212621959292849 0.00033091562461087 7.57559809684883e-05 3.46764497448601e-05 3.71654749212139e-05 4.28702096819527e-05 0.000101039637365102 2.19231202057206e-05 3.44642291712358e-05 9.1977520574076e-05 1.03138379396335e-05 1.39158098373075e-05 1.36509116222826e-05 7.19538007319521e-05 2.56754970428774e-05 4.94893323315136e-05 6.83408708589137e-06 1.53632241645178e-06 3.17868898693497e-07 1.22879286304988e-08 4.03033103782729e-08 4.75559541678671e-08 6.56744687748778e-08 1.14866107475815e-06 1.28695735972565e-06 2.50749490841738e-06 1.19099473221462e-05 9.86343987554542e-06 0.000119812597451194 1.49721577420857e-05 2.97292913817533e-07 1.8344831851524e-06 5.20576182348481e-06 1.96388632053993e-05 2.00014882060559e-05
6.10706477058385e-06 2.61268039433697e-05 0.000172854888998162 0.0358765445849254 0.997480668248291 0.00056137870111327 0.000213777860251209 0.000118434597013218 6.40641575260874e-05 4.21992241852116e-05 4.84289837554632e-05 1.40571504992688e-05 2.48250000911661e-05 0.000120316307833517 1.9405068501381e-05 3.31131264902105e-05 6.66254818853085e-05 2.33632596909843e-05 1.20627202212295e-05 9.11578134154154e-05 1.88107439181147e-05 1.15914900585341e-05 4.79767015686292e-05 7.13856057575395e-06 5.7802050614935e-07 2.14009040864027e-08 1.1078884927717e-08 2.87969147866871e-07 2.07315003399419e-06 7.78659697136642e-08 3.14667468473435e-08 2.69510583092217e-08 3.0550899233346e-07 1.39078129548974e-06 6.31916820941982e-05 3.45996192538405e-05 1.03276355831082e-05 9.80359494919085e-06 4.60252229332186e-05 2.38796762737999e-05 6.50863950913155e-05
0.000126251691864128 0.00027787641613403 0.000848259104002464 0.75129460628288 0.0846636670050634 0.000273456857630054 0.000948581835638307 9.105438439181e-05 3.17568633438521e-05 2.17914435614219e-05 2.06077203886042e-05 1.98323251055074e-05 0.000184203879767697 5.7269080989906e-05 2.65377107357232e-05 4.45753609580049e-05 5.36797972717034e-05 7.52654083742204e-05 4.20656401482761e-05 4.33257223149629e-06 2.53707987287541e-05 2.7713652257162e-05 6.19088534452597e-05 4.04850472413681e-06 7.36251055861496e-07 1.80631349963514e-06 4.7068647224878e-08 3.64625707711649e-06 2.10632194055737e-07 1.1275644220935e-07 8.51332552212763e-09 2.67204474205646e-09 2.25454547939573e-09 1.06583833536305e-08 7.81005692267462e-09 4.01889190167264e-08 2.8549966447965e-07 9.7603311009185e-06 3.4670785256497e-05 1.85587792286183e-05 5.47970150101055e-05
0.00116406644339671 0.00123969095924171 0.00155552815247954 0.139093815243363 0.00305351832339674 0.000119118373670155 4.94792657605049e-05 4.71137229166304e-05 2.12757074491184e-05 5.84478583616057e-05 3.12406573853923e-05 3.18597822456325e-05 0.000119363220345546 0.000251207988827462 1.63368376861666e-05 2.24866168465584e-05 1.53791496900987e-05 4.20732485130728e-05 4.63900477500646e-06 3.12657906713458e-05 8.36613277515487e-05 2.43747622300169e-05 2.12956196582794e-05 2.23881980336336e-05 4.66589088378179e-07 2.14183709069194e-06 2.30608901564806e-06 1.27233412716964e-05 0.00193514657656029 2.21905164337942e-06 1.44953333843472e-08 1.08336023065971e-08 7.02917811005981e-08 2.82171229915204e-07 7.25256666614043e-08 3.57968213354919e-07 2.08031982041521e-07 2.37651384626051e-06 7.01295927312679e-06 2.6363481072568e-05 8.19446505684163e-05
0.00201279947503032 0.000545160629734152 0.00659939944296598 0.0112479267643555 0.000175757321840081 6.74117062224466e-05 0.000105043933257481 4.416669612852e-05 1.505214246212e-05 2.51082062727764e-05 2.28372189209788e-05 4.54575262263302e-05 2.6902990422506e-05 8.19057988887248e-05 9.3534784912111e-05 1.76299706744449e-05 1.64891768560977e-05 6.72082189231294e-06 2.42615822204944e-05 0.000112539422305638 1.11725192140337e-06 1.42626579890232e-05 1.99973749523499e-07 5.34118573595441e-05 1.43921677019159e-07 2.12431513899579e-07 4.83726119205934e-06 0.000197243726849245 0.000832120587584576 3.39216498902092e-06 3.08121459985205e-07 2.9211964762007e-08 1.07051590224556e-07 4.78588567086619e-06 1.95649238032748e-06 2.37422862005829e-06 1.31942294704968e-05 1.42613850770246e-05 5.63265756161081e-05 8.03455097362312e-05 0.000123883786665378
0.000345045272163196 0.00124049082913598 0.0272234035587206 0.000452635678278422 0.000285408600321598 4.97110802178057e-05 2.61271140302092e-05 0.000108888789285375 3.48333157610866e-05 2.41593269981738e-05 7.14941207186693e-05 1.15477784213765e-05 6.10782584628233e-06 2.5295603561439e-05 1.40336281290128e-05 7.55650948473118e-06 4.24942443848888e-05 1.12592864438903e-05 3.66460477222582e-05 1.15820420956552e-06 4.65967254624747e-06 9.78501336737572e-06 1.6783645702134e-05 1.11379199560308e-05 5.66999820417843e-05 1.61190879133059e-08 2.30659828362032e-07 0.00117035349521112 0.00325326155932512 0.00293909238468621 4.60164271152827e-05 3.92924128030647e-07 2.44635715461337e-07 1.06246313675029e-06 1.06967082910523e-07 2.54172631297122e-07 3.6727962674957e-06 2.41881916166413e-05 8.60557161324519e-05 0.000139523292330611 0.0186176858512482
0.00296003796161052 0.0321592728114938 0.00171874334560254 0.000344440587592351 6.53861408507464e-05 2.82021482323829e-05 2.12779203925969e-05 8.15683524906548e-05 7.62927566390139e-05 2.95601563757681e-05 3.18708543360104e-05 2.17951719377022e-06 2.87798015037724e-05 8.35430461795385e-07 2.41656100756768e-05 3.89465128976669e-07 8.3520434475133e-05 3.42928308122261e-05 1.6971907664751e-05 3.39371545652327e-05 4.80240127981857e-06 4.36243044599783e-07 7.98001633278592e-06 1.00220656782292e-05 6.34505394478909e-07 9.54284514909285e-05 2.43455481599927e-07 0.00228382083901849 0.0721533708505118 0.00432317492584441 6.38658988755422e-06 1.60449511742272e-06 1.34135184854186e-08 2.09743015375698e-08 6.80818081771499e-05 5.10127553894713e-06 4.42175766941364e-06 6.8345263298815e-05 8.70878357469633e-05 0.000343935428947064 0.107509280396052
0.139305538821695 0.0674290435198868 0.00110828242400439 0.000126186852132715 4.17378240883886e-05 1.84685609391254e-05 1.28408849391333e-05 1.17407499641394e-05 2.4018874722444e-05 3.87228975855406e-05 1.99107198974376e-06 8.79404629634915e-06 1.29268845947476e-05 3.64722852767331e-06 1.6006176304822e-05 1.0247076623456e-05 1.62142878763179e-06 1.9908376537677e-05 4.04291909272548e-06 1.0164345553562e-06 4.48087163531296e-05 1.64360796911867e-06 1.1093933511318e-05 3.11636178281162e-05 8.13693637382532e-09 3.68637663347793e-06 0.0158678245814063 0.0012185262803652 0.00165885106941551 9.57805537856912e-06 3.55614899034012e-08 8.35166821413048e-07 3.79386994917854e-07 6.02421199785746e-07 9.97858248786263e-07 1.76278965058999e-05 2.71843822271044e-05 0.000146139575098392 0.00153119040716459 0.00351314252709773 0.0340688067407345
0.00290753298756169 0.00286658115549065 0.00160233324852778 0.000198119434239384 4.27663050239849e-05 1.88075660872325e-05 4.60786035455741e-05 2.34120217825304e-05 2.94641005211547e-05 1.70839998271342e-05 2.85535626433476e-06 2.42855355721819e-07 1.17994275195656e-06 5.54853224570793e-06 1.86558086982935e-08 1.97944707275677e-05 2.10304453630826e-07 1.05794280487894e-05 2.54654844220584e-08 8.24508703518557e-07 1.03422462787326e-05 4.48691807637172e-05 2.44202853902032e-08 6.75052835354752e-07 0.000526009046531905 0.00413610818985652 0.00138065958595867 0.000135940594339123 3.15713260805482e-06 3.81638750152955e-06 2.20669057688915e-09 5.02249543679417e-08 1.1117034998836e-06 1.2401780142324e-05 2.13890891323831e-05 4.46852109009272e-05 0.00112220680508231 0.000166954428693651 0.000540036640049226 0.314828502728731 0.000359038286393776
0.00955237241950097 0.000787802604678761 0.000493511344599834 0.000317305909532535 9.08794339229574e-05 4.76758918673894e-05 5.8779160461686e-05 3.19721205278281e-05 4.27059252650922e-05 3.25792029613698e-06 3.99431683725009e-06 5.25360721423657e-06 9.8880811283689e-06 4.96998517894168e-08 5.87187566899985e-08 6.28746882898932e-08 1.62486285309583e-05 2.57744345324683e-06 3.00587397739325e-05 3.21879269782887e-05 2.79531031691445e-06 5.98156363537059e-05 1.52921008866024e-05 1.66969454802556e-06 5.02917928767091e-06 0.00300884986270263 0.00940551458201425 1.90505243299543e-06 6.4849159714436e-07 1.60720194757706e-07 1.56013172632328e-09 1.55977224336573e-06 8.45546816614791e-07 1.66909006035834e-05 8.98830100274837e-05 6.72306671600505e-05 9.42678214120468e-05 0.0025612628456535 0.0728596046260162 0.024563845197918 0.00144906975356188
0.0145995462889483 0.00122168561354263 0.000808635698855852 0.000279004140961227 0.000128836125481232 0.000142884593122283 9.5565063297195e-05 5.88390441154084e-05 1.90433682497648e-05 1.50697975390117e-05 8.09992691285942e-06 2.34845186966615e-07 7.43620365049411e-08 9.05077728597067e-07 1.71320995371242e-07 7.77124298557988e-07 6.59094670005403e-07 1.21605793463802e-08 2.96300753405873e-06 1.60761378863883e-06 7.69187083500159e-05 5.39476531679294e-07 2.57165271300424e-05 9.31118525738505e-06 0.000317488996254302 0.3461721440713 0.00365128850370158 2.38147731435902e-07 1.20871113378019e-07 4.09879507123047e-06 5.65808107076014e-08 6.21815304406798e-07 1.39680368733694e-06 3.68596675460932e-06 3.48326876528452e-05 0.000293226937701487 0.000196607976900377 0.0006212109277218 0.0186887073744758 0.00678029960771919 0.000795695093022596
0.00184138246267378 0.0010700218263433 0.000206275347892547 0.000186660905571877 0.00020428506572745 0.000104281004934627 0.000113023556758858 0.000150009755519567 0.000107598298263557 4.43909576446822e-05 9.91909102619208e-06 1.88305701756882e-06 2.87681102243508e-07 1.4726216253403e-07 3.66473318468152e-08 1.04948225428015e-05 2.6684602860925e-06 7.35450258487157e-07 1.92627351408351e-07 3.91463577713849e-06 4.17769853786649e-05 6.37498314756471e-06 5.88615560757435e-06 0.0127892850488596 0.641289564398624 0.976854963888147 8.39815233685955e-07 6.97380188473161e-07 2.82084960579797e-07 5.98200111362509e-09 1.23659148395353e-06 8.26097539069543e-08 3.92944618853146e-06 2.37866889164271e-05 0.000113093322431126 0.00072811278095921 0.000243674662824126 0.000639650826847049 0.0451553154534263 0.00747233895857243 0.00642886429826015
0.00147003293109787 0.00113022832520212 0.000409565315508008 0.000141808584880796 5.4661303960266e-05 4.79803598243988e-05 7.45796012931249e-05 0.000145269890350132 0.00042276908145323 2.80842399149228e-05 0.000143701870365031 1.0753347728303e-05 3.55834032353754e-07 1.41888760549972e-08 6.14291557779601e-07 0.000107321088982657 3.50949213287078e-06 1.09479290108572e-06 1.54599819928672e-06 1.36844652610445e-08 9.75119395972424e-08 5.89725628652662e-05 1.64228973736769e-05 0.0536272661294973 0.878516873153432 0.000424922828101717 1.45707198144199e-07 3.90778267004238e-06 7.35676946432429e-05 2.15832722706431e-08 1.70489243042537e-07 1.10311087178067e-06 2.48358081053769e-05 1.57165660137703e-05 7.26277565522063e-05 0.000203419117960412 0.00137789425428561 0.0142339561889258 0.0681694854378272 0.00668914001891499 0.000697341728821146
0.01672447235311 0.000977590129991985 0.000154252657909365 0.000159457073634839 0.000257934163659684 7.0452709466796e-05 2.2362729214698e-05 3.0622212143618e-05 4.21625040063544e-05 8.78161885756823e-05 4.71108043792972e-05 4.27852420302907e-05 7.24327737637059e-06 3.23254254349569e-07 1.48145797638371e-06 1.84578893920029e-07 2.28092591369037e-07 4.40922243920215e-05 5.72639503589596e-06 2.91046294850941e-08 2.11837256954898e-08 2.13511295885802e-07 0.00257226313396217 0.54496359553324 0.171679559460457 5.4870366769978e-06 7.25298221461701e-07 2.25356766521259e-07 2.75049437954274e-06 4.43678029364858e-06 5.50026466156488e-08 1.18572109803878e-08 1.86460154075035e-06 1.29925236931193e-05 3.90645168000419e-05 7.38228605417254e-05 0.000438374810108953 0.00688424044488315 0.05745890466 0.00245669656659486 0.000292177011348567
0.00147283082719462 0.00020589145112984 0.000428915628320028 0.000137990160513412 3.5295368922857e-05 6.04263208432928e-05 6.4585541590514e-05 5.95831894913395e-05 3.32662059729333e-05 7.74885064462199e-05 2.6850105149013e-05 8.73620071553932e-05 1.68437575842095e-05 4.38685754061811e-06 1.12262394542738e-05 9.26243630926074e-07 2.25779065969608e-06 1.96330164599284e-05 4.48910106102553e-08 1.79302219205419e-08 2.47268379420566e-08 4.15654509940466e-07 0.00674797582529757 0.834865004883331 0.0270240643097276 1.75458137419017e-06 8.44398598958279e-07 1.24789686750994e-05 6.08351646785446e-06 3.41155540322601e-07 2.33267854770411e-07 1.70343495571923e-08 9.50488627838079e-06 4.9585231163554e-06 0.000143659145934961 0.000526023798520595 0.000281116644737915 0.0074987464082238 0.0029073589679947 0.00333445362136255 0.000330680254587533
