fishcamp/mu_4.asc
NCOLS 400
NROWS 200
XLLCORNER 267999
YLLCORNER 4148999
CELLSIZE 5
NODATA_VALUE -1
[rows 133 to 151 of 200, columns 82 to 122 of 400]
2.31034564646908e-09 1.07980445730949e-07 1.06983899572085e-07 3.9082109926164e-08 6.39268737368684e-09 9.427143847362e-09 6.59677352629094e-08 2.37848871239369e-08 2.1699859912455e-08 3.42796477427536e-08 8.77704207291783e-08 3.47731843517913e-08 1.17093411350785e-07 4.4129433442594e-07 6.28181777714262e-08 7.83137442803822e-08 2.72212919847443e-08 4.05620786147579e-08 1.30823557741404e-07 2.87082993348909e-06 2.58361588507568e-07 2.71244106171598e-08 1.17664510659137e-07 9.91738135914494e-08 1.91161446088286e-07 3.93666515734e-07 3.51913629989627e-06 3.75849182402335e-07 6.79030517459122e-07 2.14084051960248e-06 7.4729091457336e-06 1.61174887717523e-06 2.76800134975697e-06 7.86777496225179e-07 2.09203413552091e-06 5.71978481315269e-07 1.40868228556443e-06 8.99706257157443e-07 1.1157804308654e-06 3.50272441109991e-06 5.18445114959613e-06
5.9094609832105e-09 3.41709627011973e-09 1.25928173695976e-08 2.38878161473519e-08 1.7482932953301e-07 2.02744784520343e-09 1.35686213234616e-09 1.64216332654345e-07 2.35563972262293e-08 1.51792778632036e-08 2.88794121360666e-08 6.97362113294729e-07 9.33870880355176e-08 1.85938530752911e-08 8.95804024087577e-08 2.46353716805202e-07 4.94591521730131e-08 1.44039381773753e-08 7.03139553156026e-08 2.09563415185019e-05 1.81184214966986e-05 5.2731833732444e-07 4.47549786760029e-07 2.70365064687303e-07 7.52363745446619e-07 9.79384430866518e-07 2.96486878751091e-06 9.05162157655394e-07 6.70774543848073e-07 2.0801790505253e-06 2.85236221750414e-06 1.1782721090572e-06 9.37822228480053e-07 1.11061703533492e-06 1.69802789433961e-06 2.85655776396704e-06 2.77548966170771e-06 1.37628345527684e-06 1.44925858887143e-06 1.34566891819053e-06 3.57753717333402e-06
1.39089972993472e-08 7.38732149403055e-09 5.00689666368807e-08 5.5711434423068e-09 3.19971900049078e-08 1.48606040870902e-07 1.21006878969008e-09 1.06694053492807e-08 3.16763792367878e-08 1.72952185982259e-08 4.47525354182323e-08 1.29371232416451e-07 2.74199589596199e-07 2.02911108609664e-08 1.56692736408656e-07 4.56946929967748e-06 2.41673314875014e-06 1.52521362384418e-08 8.60464203487017e-09 9.79427378484533e-08 1.49567338552989e-07 1.29273284047444e-07 1.58821102356358e-07 5.50502263779693e-07 3.14911080509679e-06 4.14921433474919e-06 3.28879841685152e-06 4.97414985557172e-07 6.30441414355669e-07 1.78770992755786e-06 1.40431462954514e-06 9.44309095436324e-07 7.10650055661154e-07 1.18551295028421e-06 9.33396712524824e-07 9.23353988302784e-07 2.81005237406531e-06 2.08009774063331e-06 8.10070094865405e-07 7.72222707897016e-07 1.63399098980239e-06
1.28793004217907e-08 5.12434855256074e-09 2.87424193525918e-08 3.77650602204195e-08 3.13967414719900e-09 5.28604556207336e-08 3.12572818968226e-07 1.02845883794813e-08 1.86054683256908e-08 2.85800446443323e-08 6.25937985258899e-08 1.26742149832602e-08 1.47579483585934e-07 1.63083054853893e-07 4.33452656302687e-08 4.69650377174167e-07 4.5487383580103e-05 2.23761136897163e-08 5.50832738394574e-09 1.93658620947465e-08 1.82646994571608e-08 9.94776575615185e-08 1.66794865342823e-07 6.71025421958685e-07 1.19458845736859e-06 2.32037321850626e-06 2.7144848962694e-07 3.70045439423838e-07 5.14197037351369e-07 8.67539516746297e-07 2.35003145713525e-06 9.25657540170215e-07 6.69663370944209e-07 8.15337360917207e-07 6.77283764942549e-07 5.58667145679899e-07 7.4902395922826e-07 2.20931880129194e-06 5.35451069077936e-07 1.19040195802159e-06 2.91964914696357e-06
9.95376572594969e-10 8.70037356700634e-09 4.56603733286861e-08 2.80113406976165e-08 6.0326036022697e-10 4.61554405764241e-09 8.84933313431209e-08 5.5869476367063e-09 3.31338139913696e-08 4.37754479348177e-08 5.52763985675916e-09 2.16386421098304e-08 5.471524656318e-08 2.44330624539396e-08 1.14044770437292e-07 1.54839232329268e-07 1.19053174144049e-05 2.1583572612888e-07 7.99008498631474e-09 1.015845303324e-08 9.5471439292275e-09 6.78308844753917e-08 1.08707511061174e-06 4.51900756206898e-06 0.00168058599860625 8.50589109045607e-07 1.75217613935961e-07 3.05633802118754e-07 3.81850970231759e-07 3.56019340396578e-07 6.96373275237947e-07 6.96942440136713e-07 8.80805343989335e-07 5.15346697561684e-07 1.05222417693753e-06 8.58593377444723e-07 8.05703367895381e-07 5.75442552218389e-07 5.7637963041068e-07 1.08327715776647e-06 8.51167793353802e-06
3.64080414547577e-08 2.37979598547164e-10 4.97979007193028e-09 6.60014280948732e-09 1.13548099414217e-09 4.79966626246716e-11 4.60582840777045e-09 2.48758195967409e-08 2.19975531395248e-08 1.9819649550823e-08 1.13193524008508e-09 5.71515128590992e-09 2.86220639780384e-08 6.24009348365563e-08 2.63449756852246e-08 8.68552397061908e-08 8.07126518274327e-05 2.27077382094632e-05 9.52232105247149e-08 1.21987440654835e-08 7.37481023766136e-08 1.54211422280775e-06 1.82462416749652e-06 0.0016611815394253 7.26398643085507e-06 2.62149447390305e-07 2.63486260577568e-07 1.58979188015007e-07 8.29638422710881e-07 7.87301461957057e-07 5.91575009961929e-07 1.60937731622704e-06 7.72966218063228e-07 7.23584484538119e-07 9.06838825421713e-07 5.56066117290934e-07 1.64805075681193e-06 1.59567370561383e-06 6.65745128014048e-07 8.06115373264418e-06 1.44079588927367e-05
6.83813041213932e-09 1.00428503961605e-08 4.80800458857789e-12 2.62827907233023e-09 7.42061878271179e-09 2.02390966584777e-10 3.70362951586059e-10 4.62118941848484e-09 2.87335590760698e-09 2.53079208582618e-09 3.85727109395076e-09 1.02566392710333e-07 1.7564360397421e-08 2.74908099164176e-08 3.79743260845215e-08 1.00169599606606e-08 6.98589672288375e-07 7.92577179929443e-08 1.0520601318193e-07 2.74262844172303e-08 1.62374806134405e-07 2.92854383941745e-06 1.13107970904728e-06 2.16815021834752e-06 3.08285487606924e-07 1.15927622842735e-07 6.18398623508914e-08 1.70989982073465e-07 7.99304209585672e-07 8.13991799844204e-07 3.61643721137699e-07 5.30771143758242e-07 8.77973228812309e-07 8.13161015072788e-07 1.41108563542783e-06 4.32429861020793e-07 1.05491075409601e-06 8.30244391096272e-07 1.79631797295599e-06 2.05960075715369e-06 6.13257558027702e-06
8.49827525468649e-11 3.6642073189803e-10 1.565703277206e-13 6.36388729453892e-10 1.65531995487615e-08 3.6055638929259e-11 9.49739703866792e-11 2.43998512661088e-08 3.72057102490378e-09 3.68265134499922e-09 3.75361874037576e-09 1.82995677509364e-09 1.50208038457762e-07 4.22433623116337e-08 4.95131731146954e-08 7.83795732995364e-09 2.70512985881131e-08 1.44609205359074e-08 1.6948163278671e-08 4.084750279519e-07 4.57249040697949e-07 1.60793819315687e-06 4.21363235169321e-06 3.0489396686139e-07 9.81292327196728e-08 3.04373223153953e-08 4.92457264172427e-08 4.67358374677402e-07 7.77732772609556e-07 2.33866198973134e-07 3.69367090255198e-07 6.71234903420188e-07 8.82980268654206e-07 1.00320332123126e-06 1.01062073589541e-06 6.36056605860147e-07 6.61715769835263e-07 1.1216269330612e-06 2.20192749818408e-06 4.44895816455014e-06 1.30467537427771e-06
8.82612596423397e-11 8.82681409843999e-09 5.49786895452578e-09 2.83474241124456e-12 2.69880647940362e-10 2.79325142413549e-10 1.89172405577424e-08 7.48870943791384e-11 1.64783951978372e-08 1.2401895755157e-09 5.05459689662117e-09 1.74960643991417e-08 1.05389854154838e-08 8.35402860299622e-09 5.97450406767036e-09 1.46171483104663e-08 5.03712438861431e-08 6.75655977086843e-09 3.53697209090082e-08 3.21847223619742e-07 7.05121440706474e-07 1.18187777673253e-06 2.13048343567152e-07 6.50868006502132e-07 2.35894080075841e-07 6.97884438902131e-08 1.03482336996116e-07 2.74642666038597e-07 3.4303491952001e-07 9.06975490421189e-07 9.67804012016211e-07 4.55658622100661e-07 4.67636391874815e-07 3.24136792033819e-07 1.34504229698119e-06 2.17596118541817e-06 1.02609537718039e-06 1.40971741737768e-06 4.86197340688996e-06 1.19391520926711e-06 8.07863071205771e-07
7.88556282158205e-09 7.76436639797573e-10 5.8704467697893e-11 1.01566914789072e-09 4.82996572804574e-08 2.37843454950329e-09 6.73921239396392e-09 2.10395779534992e-11 1.17414373302181e-08 6.43814565333663e-09 4.02651774797248e-09 1.56441116086951e-09 1.0821737541723e-09 3.13774164759972e-08 4.42596797298401e-10 3.66445205256559e-09 4.18384242842927e-08 1.04249796453199e-08 1.0470922251506e-07 3.66079352467974e-07 7.6416899436644e-07 1.36751516032184e-07 5.49587574548934e-07 1.7279005173443e-06 7.56824750521006e-08 5.16155535632226e-07 3.04769503670622e-07 9.17371355293959e-07 3.91124277496931e-07 5.07852840042755e-07 3.22882292642993e-07 8.22408550030517e-07 7.58813044603353e-07 8.81484383583175e-07 1.1071753243587e-06 1.42967344293709e-06 1.74046135295187e-06 1.3635964864619e-06 3.27534720726443e-06 1.48965315176911e-06 5.32543529924205e-06
7.5060460756203e-13 5.02575733266149e-11 3.86106830705694e-12 1.72699223476718e-10 3.71674504708156e-10 3.38937549422796e-08 2.10151026456834e-08 1.23122362549036e-07 4.33234257332807e-09 6.56836579511836e-08 5.48059928600257e-08 2.85238433290253e-10 1.07775963705414e-08 1.26324880050459e-09 1.04749052118709e-07 3.49682022724438e-08 3.20928156168067e-08 7.01541817317643e-08 3.38422548241324e-07 6.84597394277144e-07 5.54409493310595e-08 2.88751634990593e-07 1.68526432973408e-06 1.10926249993737e-07 4.95629824680964e-07 2.74682635102599e-07 4.7512061352324e-07 1.07119041399508e-06 3.1086993542906e-07 3.73511043015216e-07 8.62666676047706e-07 1.15710939949543e-06 8.0400236799807e-07 9.47540004167518e-07 1.12804563076399e-06 8.48901370557373e-07 8.97167678555173e-07 8.78929534812413e-07 5.94465048699615e-06 1.51338820639485e-06 2.17121608861827e-06
1.44710103344993e-11 2.79418204202765e-10 7.77092170560182e-10 2.7717197710739e-11 4.73379079771256e-11 6.54492849384456e-08 7.92419720774738e-09 2.15835879728761e-09 3.12095473607282e-09 6.41048329760085e-10 1.27981330251916e-08 4.8013529240166e-08 8.48878904033104e-08 1.80308693083297e-09 4.63756372331153e-08 1.08489662406654e-08 2.0417434820253e-08 1.30811003024164e-06 4.45024978232846e-07 4.29772155328859e-07 4.84981526861979e-08 2.37318349819197e-06 1.39962035834272e-07 1.45959876916348e-08 2.36682661592265e-07 8.58306296876228e-07 4.33577173154632e-07 7.25279176192991e-07 5.46176735971202e-07 7.45653149389142e-07 8.68965372011362e-07 8.45354199836567e-07 7.45709196115827e-07 8.90595456715127e-07 8.66831318083103e-07 6.63759052054474e-07 1.10240842975854e-06 2.32004026086649e-06 1.46563292605747e-06 2.35471012895062e-06 4.73950678521209e-06
7.37143826329242e-11 2.35055763034839e-10 1.45367525421658e-09 5.49107506501682e-10 2.03548431785682e-09 6.50385744498551e-10 5.35344834293489e-09 3.10361864371995e-10 6.95897836012004e-08 1.7428263473511e-08 6.04574689136076e-12 1.74313541118275e-09 9.76087978151692e-10 5.974515369066e-07 4.04735015059991e-08 3.60452406474029e-09 2.16664697952199e-06 1.3139965427735e-06 1.52134155383304e-07 3.37318333492103e-08 1.56282469049324e-07 6.57008246938407e-08 1.39453879234892e-08 6.21902371136547e-07 1.95067492939805e-07 3.49162496436245e-07 2.29010991607507e-07 4.86241181326089e-07 6.54816113934335e-07 1.11135247276658e-06 2.42498139041869e-06 1.02109922855243e-06 8.03542276603984e-07 1.02605627698663e-06 4.57926899407235e-06 4.18567450957843e-06 2.39469943215201e-06 1.19795040240613e-06 1.00876571658841e-06 1.70861576699657e-05 4.18472639227097e-05
2.8645874166946e-10 1.11928466801517e-10 8.84885060652239e-10 8.24422752054252e-11 9.46391982395177e-09 1.3532184559087e-08 9.09846222667013e-10 1.43592796343733e-08 2.9180645222346e-08 2.47828650418891e-07 2.35837044878012e-09 1.45507629405518e-09 1.34636325365653e-09 9.41798764135223e-08 1.87306137179848e-09 2.35140967643689e-06 3.65192880353085e-06 6.08071938585629e-07 2.41498773312233e-08 1.61252504958928e-07 5.7191391082592e-08 5.31777815965858e-08 3.21976067402099e-08 4.93069130311634e-07 2.41128802506116e-07 7.09140591433432e-07 2.63934008519725e-07 1.73456344047975e-07 7.90035302887661e-07 2.74672056995604e-06 2.49346199730117e-06 4.98103280469805e-06 3.29648713540334e-06 1.42469341885315e-06 1.22360746942577e-06 1.13960366524855e-06 8.01910873297815e-06 9.87099491366513e-07 9.67678645384888e-07 1.57132266092561e-05 2.23767880046709e-05
1.47122865215942e-09 1.13846936494691e-10 3.56592601370533e-10 1.04833870203967e-09 7.19440321377282e-08 1.85913048555268e-08 1.69837554003649e-07 9.827051077531e-09 5.4923741841409e-10 2.75636425880875e-09 2.30699258262976e-07 3.50096081202759e-07 7.19464241638909e-09 6.97816436122973e-08 7.01124677156019e-07 1.50018520983333e-06 6.12562690435512e-07 1.13194183718814e-07 9.11027773610412e-08 9.82107493450857e-09 1.03061269043847e-07 1.01645706864879e-07 2.41163786729514e-06 2.81440682232053e-07 2.82742714391422e-08 6.89044829308392e-08 4.25315713843284e-07 4.66634208984256e-07 7.25087645901639e-07 3.10507495531906e-06 8.3191892843618e-06 5.43643553837341e-05 3.09533077749027e-05 2.51741323817201e-06 2.27322396074305e-06 1.80465993084804e-06 1.38399013626651e-05 1.01054937331767e-05 2.61426965871263e-05 1.53864035125379e-05 2.52731490297109e-06
1.82981178578109e-11 2.15454073019528e-09 2.60059068533209e-09 9.28476116385732e-09 7.93030603333349e-08 5.83247618101078e-10 5.85903115674911e-08 5.79056328588635e-09 2.39048565181332e-08 3.48263175095863e-07 4.06617446134246e-08 5.23350347408936e-07 1.53608390537738e-07 2.29627611332641e-07 1.06609086494953e-06 3.1428676439255e-07 5.84320790702305e-08 1.75199321775084e-08 5.67158895805207e-08 6.08553508472788e-08 1.69415277691879e-07 2.03633605192168e-07 1.52104917145338e-07 4.03022069156424e-07 1.5025993745686e-07 2.27403024864241e-07 9.07790517719011e-07 2.29860881193206e-06 3.05586575989338e-06 1.99647603964898e-06 1.07631254868578e-05 1.88714129990445e-06 1.49572183158882e-06 9.01029988233277e-06 5.69336388630682e-06 1.39336083569023e-05 5.165647774376e-06 1.74831529556206e-05 1.72598827195188e-05 4.26903386591861e-06 6.31370747752205e-06
1.77610127751553e-10 2.46978660822463e-08 1.34083968751917e-07 7.38986345760882e-09 2.67761504749565e-10 1.10792529562886e-09 2.19432342280312e-10 3.24470693439216e-08 2.24349985233513e-07 5.4667444629318e-07 1.78042596106911e-07 1.1959362842574e-07 1.41022307666322e-06 1.20946281297993e-07 9.61055098705946e-08 2.66625732565702e-08 9.23776069736439e-08 1.04417999012617e-08 2.37697854709824e-07 8.00356264661273e-08 1.26301445537736e-07 9.12409150424915e-07 4.43671851567323e-08 2.97179170140298e-07 3.70259047054653e-07 5.75425429747059e-07 1.95859505195779e-06 2.46897832005837e-06 5.19670946347444e-07 2.52115968414478e-06 1.05385602310973e-06 1.74194985009928e-06 5.72308492029065e-07 7.69313937861352e-06 9.87439396631045e-06 3.18433491001922e-05 2.72351187448091e-05 9.17385182909025e-06 9.27062530413153e-06 5.6641014226967e-06 9.39427623515937e-06
1.52052659411711e-08 7.78363419837916e-09 4.96636466207907e-08 1.13335419672401e-09 1.56912849175535e-09 2.96728533392567e-08 8.41874467468116e-10 8.41708101110993e-09 6.48617392351003e-07 2.96529828286594e-06 1.24196052003265e-06 2.7225141195382e-07 9.94447142611473e-07 2.33386555495965e-08 4.03951549168242e-07 1.69548112211299e-08 2.14304917027203e-08 2.52676044195292e-08 7.26047742214812e-09 1.33315946576273e-08 1.49294322018828e-08 2.27986348233741e-07 8.47397255413151e-07 3.13752482561271e-07 4.52403809011888e-07 1.35720053262578e-06 2.08071511635611e-07 8.9973688539545e-08 1.05709408464482e-07 2.95387724796725e-07 4.3620259704554e-07 8.96157633373022e-07 1.23258944226078e-06 3.71493994381987e-06 1.91834839109019e-05 2.35362077033591e-05 2.5118180416324e-05 3.26169435534302e-05 8.27340649499587e-05 2.02946929937472e-05 1.08180361860388e-05
4.93800889143184e-08 5.81080492206339e-09 5.34444222644898e-10 1.51824319545689e-09 1.48256130278988e-08 4.39531096540122e-09 3.33328928628216e-08 2.11484919482605e-07 9.52242020651641e-07 1.23125894433803e-07 2.39764044098789e-07 2.04289445586398e-08 1.57979334162193e-06 2.28118053153691e-07 2.01549223772351e-08 2.65618727094466e-08 1.99581525805997e-07 4.23980561431018e-07 8.88352663489407e-08 1.01733278808216e-07 5.30961287112672e-08 2.70076415926467e-07 8.43233252470257e-08 5.30273615364581e-08 9.57408746164143e-08 1.63365145157752e-08 5.65176028370229e-08 5.54264365266024e-08 6.04100542012228e-08 8.96411826540722e-08 6.40038259335252e-08 2.01255559844982e-07 1.2455378403128e-06 9.15006360033494e-07 1.39267395943921e-06 1.09572269095024e-06 3.53362846120351e-06 9.13273420386851e-06 1.16514521171765e-05 1.89057871116791e-05 4.22860666294304e-05
