fishcamp/mu_5.asc
NCOLS 400
NROWS 200
XLLCORNER 267999
YLLCORNER 4148999
CELLSIZE 5
NODATA_VALUE -1
[rows 180 to 197 of 200, columns 126 to 167 of 400]
0.00357326366421919 0.00299994474306797 0.00312499769741265 0.00192556702628868 0.000933788161272417 0.00132503472652989 0.00427580801752656 0.00739419878750799 0.125807478400778 0.0307299262544528 0.0694419695643704 0.0497986421985238 0.0672697782000028 0.128798955997067 0.0757940928769211 0.0675410416787577 0.614295007459462 0.914018895075371 0.964280827701903 0.968492082244628 0.975503056556673 0.967003700222721 0.707808931182314 0.36080889205759 0.317754468656439 0.14626462168426 0.164715585659648 0.128541263751778 0.0672219195649096 0.0558733433703328 0.0539752390471456 0.0528175801776376 0.0346580106524125 0.035135487278147 0.0257659765871399 0.0215886506403151 0.0167621403156541 0.0117922859347739 0.00612657330342114 0.00848985017382397 0.00719103123453503 0.00302053622253819
0.00404732472186055 0.0041688881690011 0.00221704086136113 0.000613243441288651 0.000885286680196625 0.000212752073990168 0.00552788063684656 0.00829698365117381 0.00364738256234857 0.013481638179096 0.0393269478133784 0.0548813023909996 0.0268909169114092 0.0873269525876811 0.156494424547553 0.297162500313305 0.549491248897659 0.968513952233569 0.974584406816435 0.973346750432841 0.944909156450077 0.72247050080725 0.397316481492044 0.167377751696601 0.126782439290456 0.133758266753664 0.145587728619589 0.0497835803901141 0.041194014546337 0.0566669460404252 0.0421374854934 0.0514836791497095 0.0387114515094529 0.0319559830925136 0.016775536103115 0.0178327457007144 0.0141082333709961 0.0135252422179009 0.0216677683995769 0.00422501038915297 0.00459289095277649 0.00315405959837097
0.00356702007518623 0.00376244726981716 0.00121105929613169 0.00071001085433213 0.000145999122557693 0.000243444007119202 0.00759435193188016 0.0192010179251791 0.0128256733830237 0.0205592476088697 0.0381844336377853 0.055764356481671 0.024116541062079 0.185446667584775 0.290206680086808 0.700374443482819 0.95492631645455 0.980503783642036 0.975522004104528 0.867531310359551 0.389892053566396 0.388539597300514 0.152097487255677 0.0782709062397192 0.109114674581129 0.102050971592504 0.0835088614804892 0.0538308180968297 0.0588589030107767 0.0662553381126199 0.0446240421114574 0.0483036178514472 0.027261366792719 0.0181315406306443 0.0160749750368421 0.0173963843206307 0.00910028829648146 0.00969637947285793 0.00829606238424966 0.00878781206544847 0.00409336774925241 0.00165759083612513
0.00546225848986601 0.190899351739188 0.000738170581825485 0.00206764983843971 0.000473292785258408 0.00241038629662811 0.00353690813764541 0.0104247660575071 0.0140780193017462 0.0451001483124734 0.0579633057285768 0.0319056066073627 0.0778227168868496 0.197475660871172 0.601015791185211 0.977635454884637 0.986449574952305 0.982467801087331 0.92064698751583 0.406975891149316 0.314592095059628 0.313188669857536 0.181116524695938 0.150849686684991 0.12442389966014 0.0890353393545016 0.0773117545777424 0.0511054024405063 0.0500443027726967 0.0719342781019668 0.048371312014383 0.0241463336152735 0.0309460953049272 0.0157441286203288 0.0174822777833138 0.0129337220447568 0.0102681593999076 0.00709232892107496 0.00674223187294556 0.00556468937180653 0.00544861033647237 0.00274047804912349
0.00413572946696485 0.025479570904656 0.000581682768168671 9.78170168750403e-05 0.000723009457789722 0.00205366435264327 0.00721405641615568 0.00395852675056159 0.00610863333243487 0.0132447689126138 0.016012270594318 0.136756259565912 0.407115247243547 0.569172682102984 0.920287460725792 0.990672175388576 0.98770615207802 0.974912152032536 0.661384773169298 0.359309368698272 0.275724304724827 0.262059563336451 0.184901040230555 0.153681779643209 0.103016491112405 0.0822848826737185 0.0606328150853409 0.0352295922034213 0.0631317603410585 0.0486309011822554 0.029961790588128 0.0294020006606198 0.0294205073074178 0.0195822247428916 0.0152422293005338 0.00872829682381573 0.00958758895641733 0.00580126160011844 0.00497881304504063 0.0041665675674628 0.00315702487655593 0.00383750196072531
0.00211382574104969 0.000154636662925672 0.0001559390091029 0.00140171533208273 0.00266701653581641 0.00119767330293964 0.00174398193089969 0.00459354150874773 0.0052213353372368 0.250092092388621 0.0917710400476242 0.565884357797814 0.932827358620946 0.93852611332601 0.991851160479154 0.991759721180637 0.983883522566185 0.716368504391248 0.519526393221343 0.534523960862562 0.21251767855443 0.169393947906542 0.140265124017002 0.162068876132908 0.0777854047883798 0.055390736095612 0.0327719918870765 0.0791846168492725 0.058774013868113 0.0540507037169977 0.0419429457641028 0.0264218664776294 0.0255290898578554 0.0194894298705855 0.0145066939613898 0.00961993515766758 0.00721092055192654 0.0100788429650803 0.00863740709169301 0.00414323984692323 0.00222077879742918 0.00180030427145474
0.000124618760971616 4.26808291398095e-05 0.00029348372191677 0.00375733188325811 0.0140289107309316 0.00286614985006777 0.00197034305834138 0.00696428218084802 0.0873791052069624 0.827535046289199 0.539203476430303 0.362235054954511 0.703802653382036 0.995389748509181 0.993479515263326 0.987433809789085 0.809724245760919 0.583769070274243 0.427492027342184 0.429088321550912 0.330616873604184 0.236432713608943 0.158469734498607 0.11456068525164 0.0780553806207481 0.05267328439284 0.067032935283794 0.0471697752667345 0.0398308798244421 0.0438245450415934 0.0472949429805953 0.0428225354286234 0.0246559622654511 0.0148752053498721 0.0167186766001178 0.0108315569427885 0.0129116602944039 0.0107578050274224 0.00744328832732773 0.00351279511000328 0.00324745591495699 0.0024432222699722
0.000696385625385621 0.000303284630610468 0.000421380434108638 0.0015674984023272 0.00378716921192763 0.00185748615579993 0.0022280604247236 0.0464264286491751 0.520907859085754 0.996411725617235 0.949012464676168 0.950035380067471 0.9802289253745 0.993526697026483 0.991934341620248 0.861447533978873 0.748801593246723 0.700107223126941 0.591453584792757 0.37823792757825 0.226797014308008 0.0930459877008428 0.120536054440927 0.12262498985256 0.0791715332998104 0.0598511301327401 0.0639221167022278 0.0413006918435875 0.0287781088659798 0.0421979477890513 0.0372275068127961 0.0296731053170916 0.0244879360635385 0.0150318097518513 0.0172745393834298 0.0113918260171842 0.0116874175792892 0.00715548597196718 0.0068424408564257 0.00550048557735665 0.00710019407440221 0.00236482915613396
0.000775727401227197 0.00106193217162487 0.00126601922743946 0.00223575931035438 0.00194902204458941 0.00576596555862048 0.0288440764360672 0.562488526830163 0.977073380845654 0.997905053451121 0.995513341072651 0.995681793770229 0.996471518899361 0.995366563580059 0.904444846582469 0.843800771626283 0.727959602390575 0.320325080960026 0.236882512985387 0.208078750394624 0.110193439557731 0.116852167020149 0.100430786275638 0.0782615962180547 0.0568037371626622 0.0911678967333332 0.0641940259814225 0.0256432873510217 0.0273968965581098 0.047348389931963 0.0301707041164439 0.0291940637930872 0.0238980681529659 0.0146240049052649 0.0151740574843046 0.0161957276848355 0.0196950151229 0.00770144976447163 0.0152890511433447 0.0156156085031171 0.00295171655758366 0.00192738467096953
0.00216335640312139 0.00765143332102065 0.0013038710314365 0.00317461671620577 0.0223000917223037 0.0704917476076894 0.159218895956472 0.587083995719103 0.998243024684161 0.997597564737443 0.948501878421218 0.995431694141404 0.995343877704109 0.920499195453064 0.856521555556731 0.622484287139384 0.264787943892166 0.180342029060056 0.135601707688092 0.174189441280117 0.10591912928413 0.120735531499807 0.105882456189312 0.0829509745956822 0.0611008953516011 0.027263070356564 0.0517872743398092 0.0631480559785094 0.0628091225271055 0.0484643816478381 0.021268846572653 0.0375167915798311 0.0310671168028269 0.0214622188442724 0.0151873560853671 0.0145624393532186 0.037942562027902 0.0129675537176037 0.0279174534753304 0.00874737694158398 0.00604454560069914 0.0025803845502
0.001183152208369 0.011516450646793 0.00115598263805593 0.00123215841994067 0.223433570360515 0.471532683872214 0.611071542682781 0.919763428259767 0.998103191842163 0.998212133398131 0.995845333401625 0.996431969988678 0.925826501544377 0.853302977494976 0.611021008503139 0.207431138288433 0.149592296464282 0.143852973064668 0.151834669326053 0.148545813468962 0.128061254054849 0.0874269416815024 0.0638366268938032 0.0683553975057996 0.0174202004731584 0.0598829294471647 0.0465744107084681 0.0437862828459076 0.0745113180168146 0.0402155465229761 0.0534664327329907 0.028933914497733 0.0310414452529103 0.0320069083125031 0.0187510194189023 0.0434230783349656 0.0129662013866723 0.0202288933126812 0.00736098651922804 0.00797590809916912 0.00664304157903264 0.00259463510027296
0.00183396586434744 0.0122291539777064 0.00771415346018709 0.0314958752914836 0.956866650654644 0.990061372947569 0.944142962437118 0.998231596812307 0.997982105526041 0.998705079642276 0.994412221856988 0.988812115846265 0.413401091940263 0.282165586324539 0.0897524087740901 0.145532115435412 0.153671234278078 0.137120698938026 0.0582671791099205 0.124739791732585 0.120136364220352 0.0658882414218408 0.04215298309026 0.0228181050359711 0.0556226483367201 0.0536336920448345 0.020383683608027 0.0622432806110095 0.074145662312344 0.0457548606687529 0.0396910060242972 0.0518113293126986 0.0214040681406188 0.0418668652626814 0.0248744015193304 0.023551259528727 0.010045275516624 0.0119200672048264 0.0189639793792149 0.017652772541836 0.00789341732685039 0.00407504860893571
0.00291799777498318 0.0176641945881655 0.0640127608953223 0.856911755713663 0.995040254607635 0.998655017011161 0.997499406124694 0.998821130066369 0.999089805109151 0.992392691164602 0.929111680554122 0.38600910403507 0.158829260450984 0.117851671845009 0.15098763370467 0.181288076881739 0.123027483636293 0.086754158323213 0.0533925042715634 0.0854144837026437 0.0949975937778443 0.0647339439995521 0.0577092565251671 0.0212546440155488 0.0413055550847486 0.131627772622793 0.0728892313411577 0.0502314012655309 0.0158277429381537 0.0660044845411257 0.0491686208740155 0.0421505797491253 0.0679184804687621 0.022063125852614 0.0239283927030454 0.0144126629031117 0.0258963455754146 0.0233831340316154 0.0120334850251848 0.0116366917431833 0.00640896301127378 0.0060494252434779
0.045310513472478 0.168579090930325 0.306634478702172 0.997008977624797 0.993836792515776 0.99869376850303 0.997859412875641 0.998875570609642 0.814937401458493 0.527247593030643 0.376914360347612 0.255650382189816 0.207369706602505 0.0607332657802967 0.0936587369833328 0.109734364076815 0.0980126392345171 0.050701384606832 0.044668614376028 0.0691940573626695 0.0433088870273443 0.0597619077006464 0.131743225624756 0.118428190364246 0.116076885425849 0.0517305046643617 0.0390293559073439 0.0644613406384132 0.0998806878269868 0.0547368895502869 0.037822130591248 0.0629982876441605 0.0402841607357554 0.0317727855186268 0.0279807377031025 0.0163023592021904 0.0214357625411756 0.0201631788110176 0.0251478873884559 0.0189011996594098 0.0141925895193585 0.0128725587432723
0.570272579119571 0.70081026748226 0.833770697972349 0.9324696545794 0.997059002524354 0.999043590384425 0.999604425418217 0.900895470362467 0.517509892814755 0.415581220566079 0.220711252711956 0.147004290998153 0.0615432352466192 0.0312870092244953 0.0405763575477072 0.0779791108352925 0.0517497058518437 0.0424404684030853 0.0518883998208384 0.025507618403186 0.063432405880679 0.116518612713344 0.264842053793653 0.156517924961271 0.0864136334809893 0.0614105352889582 0.0423549042420304 0.0203081330941533 0.100340417277801 0.0512583707034711 0.0785628710072685 0.0324897122587476 0.0266537909371229 0.0378829560749743 0.018890161277766 0.031469241366455 0.04916960675488 0.0319374618729409 0.0319821627980976 0.0327726630904636 0.0335910513786234 0.0171916968325946
0.91964771254682 0.951064589920479 0.986024642530269 0.993242001364636 0.997832856574502 0.998811446954253 0.97567322716272 0.65800946361787 0.211515252632825 0.247839387775691 0.239955894066384 0.183405060211854 0.0593930511182236 0.0251727867529115 0.0426229900338652 0.0565648648378358 0.0616880749737337 0.0610600364454719 0.0821871139587376 0.154461919091555 0.224652728955191 0.313568346256627 0.330448360956179 0.248116377960511 0.230032738644542 0.122612861238428 0.0551317087264089 0.223138362164505 0.0808899282872965 0.0783767336351098 0.0232132529507141 0.0575990455798012 0.0292473480809448 0.0344548676502586 0.024365540306663 0.0225011509204248 0.0248443198863125 0.0366240994129962 0.0323968002539547 0.0293280515311495 0.0596006076224984 0.0475043851417449
0.97553012868324 0.988898781336261 0.99027855536175 0.994429388836426 0.996673121818929 0.999044080786778 0.997359004825357 0.816461504801648 0.479237556646805 0.699741644778697 0.394213504709076 0.266882672848769 0.150149198756564 0.0362347808461764 0.0938229446309814 0.090536678736778 0.167543916560875 0.307534750491526 0.364657478036407 0.416439369131252 0.45408546162328 0.442557046194489 0.381653680412862 0.221967574751027 0.128102186253026 0.133038600162706 0.244896349115488 0.075106799937143 0.226820545945355 0.0424244043642109 0.065335190121554 0.0357588035340088 0.0265929740540261 0.0414325510108307 0.0544862139229179 0.0445853367929752 0.0295545061427915 0.0344900163044476 0.0549742403714242 0.0606849719408037 0.0523564769442051 0.0548155585606989
0.972355464817781 0.983932510884975 0.993956412048046 0.996035232118018 0.9989463909409 0.998268848443071 0.998613707821556 0.743483648601917 0.819968998597135 0.31206724017971 0.263666007360028 0.215807889987999 0.343094352456003 0.158861821552893 0.685734959427888 0.705015016694863 0.662970269106656 0.644024400905423 0.57531928579052 0.525075951460418 0.505364856373217 0.424742457038052 0.276007567445663 0.157334497380378 0.315007137762842 0.162509236118643 0.144974026281283 0.270624822185936 0.0662843803797752 0.463365798349198 0.284602529983778 0.130235188758475 0.242286178258007 0.101892616469597 0.0564378640281422 0.0279257153946471 0.0696723023201514 0.0801975508263662 0.0751251320213756 0.0900721605726468 0.11964848455964 0.119764804446256
