fishcamp/mu_5.asc
NCOLS 400
NROWS 200
XLLCORNER 267999
YLLCORNER 4148999
CELLSIZE 5
NODATA_VALUE -1
[rows 18 to 35 of 200, columns 294 to 335 of 400]
0.000687161358486314 0.00113737927423749 0.00112046124857898 0.00122188081060337 0.000426946028108479 0.000151364001629071 0.000588934719614745 0.00154457326232071 0.000994434253077101 0.000233909963739882 0.000144396994399879 0.000550386276775267 0.00113222829451626 0.00153052155723612 4.65794530603394e-05 0.000852984082389566 0.000151212530712218 8.68882403325393e-05 0.000213957967088139 0.000416029836632619 0.000783506412831279 0.00120525627845019 0.00122422047351043 0.000583119295929955 0.000968254940104079 0.00305304112048933 0.00222399911793663 0.000813944061294201 0.000612590304690908 0.000293123848286625 0.00074888965262267 0.00205844655011446 0.00312307479098213 0.00257515564278463 0.00132459550607371 0.00140225737354316 0.00162458099069866 0.00175481967535441 0.00219909990970138 0.00154579460673153 0.00212312826593 0.00258194343783064
0.000839371947826233 0.00135627843411543 0.000846005258757967 0.000502666692162513 0.000812929359971594 0.000429905598821729 0.000429675779910579 0.000665865393000562 0.000392718880181206 0.000502636018659715 0.000627374312916868 0.000247709788635108 9.53430654808671e-05 0.000115162947952221 0.000609037357534709 0.000341637368349204 1.933671277392e-05 5.30239926523947e-05 0.0002609804628681 0.000248647887533135 0.000220034023995296 0.000211363085172787 0.000625664824102176 0.00083241667167504 0.00223817186481152 0.002242010278201 0.00286877565861965 0.00166687429866343 0.000928572183990898 0.00130107273300092 0.000253302798785173 0.000896832297074034 0.00108025471441826 0.000850319796832393 0.000691757753235566 0.000765446895880383 0.00167825067766843 0.00172037932069219 0.00133439200556294 0.000563915903464794 0.00118875326987128 0.00164551984831252
0.000224630237591617 0.000185393780490459 0.000284145928768718 0.000143723539022617 0.000396658160389991 0.000297003398426579 1.62307710571605e-05 8.56787176921884e-05 0.000104157827434882 0.000530608683682191 8.99259085715997e-05 0.000158457454107553 0.000236037942591397 2.67443592295234e-05 0.000667730507640232 6.85363193160537e-05 0.000152159889435956 0.000127700437660243 0.000441161829927836 0.000486510797123963 0.000322169930724499 0.000275127819582778 2.44387974752428e-05 4.51453006415314e-05 0.000222231859613926 0.000572052519955894 0.000362916308060371 0.000852924472430326 0.00064926180696947 0.000902190014888313 0.00124140965314182 0.000651127506754466 0.000322273412104317 0.00153287053690882 0.00116548611121262 0.000584378203300358 0.000960889858558316 0.00155136308290819 0.000876027630490596 0.0005734784840864 0.000572167824506799 0.000204004812553526
9.13061679091024e-05 7.38412081016001e-06 0.000349545027096753 0.00040923040675162 0.000526444818949993 2.82686007449059e-05 1.73529142017031e-05 9.33374960048647e-06 0.000532471026525339 0.000126386454707505 1.53744029152725e-05 3.32331341811919e-05 4.23652474154916e-05 8.6123337927255e-05 2.9726276712056e-05 9.36293656880833e-05 7.77229154581021e-05 4.75359096937653e-05 1.64718320669929e-05 0.000150789656086 1.41205151752857e-05 7.98930484875805e-05 0.000297775513867821 0.000211673929103784 5.73969679282604e-05 7.84354063883196e-05 0.000318123251641234 0.000647644376521364 0.000762289899831718 0.000905770587096308 0.000740659431983799 0.00142514735535525 0.00169835422827365 0.00207438096837487 0.00204136540902455 0.000568728542213619 0.000148959333713116 0.000500205298943485 0.000612855704859005 0.000946774162520843 0.000315108873214945 0.000442701909213774
1.54845044376556e-05 1.63805009276274e-05 0.000192001479242854 0.000146521864266483 4.45747090206394e-05 4.01668383698445e-05 2.34356395613094e-06 2.88695689571314e-05 0.000142597642958597 9.13569310897667e-05 1.10143801916485e-05 1.32089551633529e-05 4.57383280175647e-05 1.78772794554238e-05 7.63487581700466e-06 2.22877479726714e-05 1.69079377213911e-05 1.95493818223396e-05 1.26409287175253e-05 2.32351687071045e-05 1.27556153464227e-05 4.13944117229343e-05 0.000474872876777009 0.000939414428974816 0.000439292789890896 2.41078285482104e-05 0.000893503584614761 0.000930402553115745 0.000553841232423037 0.000443207246442514 0.000379316986412378 0.000435742270455464 0.00163382246580964 0.000395720926024607 0.00131535938805359 0.00174234757087779 0.00131723941649556 0.000622061327184789 0.000499332544280632 0.000608241112691736 0.000674435526974237 0.000684642421655638
2.40435443283453e-06 4.39871788187609e-05 9.84920860217364e-07 2.77473887997027e-06 0.000214500642631915 2.6758159690483e-05 1.78603304616601e-05 1.17584625643582e-05 8.07967583566755e-06 3.92693025611834e-07 1.7101550954999e-06 0.000157836178290702 1.0960859915911e-05 7.42490222417075e-06 6.78826907251716e-06 1.68250480765449e-05 4.68990536478805e-06 1.15306097958371e-05 1.50359153139147e-05 1.91081122420679e-05 1.67373477321116e-05 6.1132938346435e-05 0.000215306068998767 0.000498691049878946 0.000145359885216621 0.000171795162658219 0.000273491243897128 5.52655443000264e-05 0.000169906542122418 0.000466959012649735 0.000187895942341657 0.000271402205419542 0.000712963435453486 0.000519924614108235 0.000862618599137875 0.000613799007461514 0.00112030761155119 0.000153034710667102 0.000255839182243794 0.000811320537041945 0.00096659261912605 0.00125759908652686
1.42813040668146e-06 2.53571422694734e-06 2.01211888484065e-05 1.82217743485193e-05 5.60864181631159e-05 0.000156399417051551 1.09170847882175e-06 1.56731697780022e-06 3.81794114247504e-07 9.39695441929522e-07 5.28496694991619e-05 6.54032448657569e-05 4.43432176331079e-06 2.07682651089463e-06 3.12847958336399e-05 7.46669246750881e-06 4.34986964984206e-06 2.90943879210397e-06 4.09476369903687e-05 3.58153630888151e-05 0.00020181072821464 7.61075622497157e-05 3.22673078694822e-05 7.09918428374194e-05 0.000106466069387136 0.000133960537463279 2.56405487382704e-06 4.02481177990746e-05 1.58718735310065e-05 0.00118356405968158 0.000393152542745539 0.00105818272447793 0.000389143468313206 0.00142902192171404 0.000288097556027583 0.000489057627327211 0.000653085696716824 0.00036938555803249 0.000148194492332694 0.000704054799097938 0.000595812551945103 0.00100579346483054
2.39097813878415e-06 3.16495684510622e-07 1.40533151391659e-05 1.70601206612385e-05 4.12391118501153e-06 7.20612298742028e-07 0.000123239367793021 5.16154209767221e-06 1.45746966868432e-05 8.05210110370454e-06 1.11219483435713e-06 1.11687741018668e-07 7.71663742619262e-07 1.96617652890949e-05 2.83374844657258e-05 3.63804357319884e-06 1.42563281522052e-05 1.62379262607768e-05 1.89449368107103e-05 5.96195267166558e-05 9.05231644966039e-05 0.000233476796379468 5.17534032959503e-05 1.17829100116736e-05 8.65870831020165e-05 0.000268626541786686 0.00010076482566768 0.000399846571893975 0.000369532322169727 1.10136457544901e-05 0.000221728117337902 0.000568502245684507 1.64195543308381e-05 0.000815682063483381 0.000352679925425004 0.000320164365004297 0.00059926518108872 0.000160622269345155 8.12602084331859e-05 0.000566986183582149 0.000618290450317986 0.000167722015947951
1.17209823060962e-06 1.6819388464158e-07 1.06624209374986e-06 2.50843796749592e-07 4.57269210997579e-06 3.69633420736033e-05 1.70461656638419e-06 3.74533480694713e-06 2.51941357842569e-07 9.26217406143894e-08 1.2513565170383e-07 4.45233284390918e-07 3.87879189787699e-06 2.60197538330741e-06 5.13384805777188e-07 4.28028784438058e-06 6.69177703395948e-06 1.93436914541653e-05 5.40636992399405e-06 3.88561094168041e-06 1.83650364781418e-05 4.57950715367516e-05 8.48607283312642e-05 1.85798438575252e-05 2.93660815713926e-06 2.83438322126447e-05 2.46057651255684e-05 4.54178439448206e-05 0.00036813950730976 5.11192000486014e-05 0.000591595076946666 0.000248438126819507 0.000363515085692505 6.48885999430586e-05 0.000786452400619841 3.70797508993019e-05 1.87471223973424e-05 0.000571285358057019 0.000635975784456925 5.91285366120466e-05 0.000143874451771521 9.0507711986589e-05
3.75179952334315e-07 1.17800625291411e-06 3.15126506616271e-07 3.49498414577422e-07 9.70043164005623e-07 3.13662038892225e-06 1.18574644335647e-06 2.97721540891015e-07 3.03497410655035e-07 6.86019975288151e-07 5.4168085922862e-09 4.93616329602819e-08 1.18895715162907e-05 2.5962593855714e-05 3.77844433797839e-05 2.3729426144932e-06 3.69826369527781e-06 7.5668600919716e-06 5.61508060535984e-06 4.52342840957958e-05 1.17613933211712e-05 1.580414451591e-05 2.54753832057216e-05 9.89858170575075e-06 3.00718176261259e-05 1.55492890022407e-05 3.4715059744813e-06 4.82621718169665e-06 3.30637311337856e-06 0.000138272711024764 0.000194236189548049 0.00021931125957825 0.000128824437239405 0.000215084104386915 0.000118876294024221 0.000484831753059918 0.000323188325146124 0.00065547206971185 0.000137769686279878 0.000158405766647924 0.000140521813423742 8.54381959466945e-05
5.41709612994457e-07 1.57783489003425e-07 3.10194201865503e-07 8.9394535714371e-08 2.53405751361469e-07 9.83700949133613e-07 2.77700993787668e-06 2.06847493107797e-06 4.25946242887816e-07 3.07105063139811e-06 3.29157910854813e-08 1.04403995022525e-07 2.94536808881969e-08 4.9999938429535e-06 1.17177666122605e-06 1.09405862076118e-07 3.7104483197003e-06 1.02227498927379e-06 1.0731747818434e-05 3.99820677156338e-05 1.08468053486527e-05 8.59285508925033e-06 1.11548467795671e-05 9.07633845332609e-06 1.62346394215307e-05 8.15748471921281e-05 0.000195211842540488 8.65462039987866e-05 1.02019155195739e-05 4.82488732458155e-05 1.61612698551877e-06 8.27490246268689e-07 0.000167060010871199 0.000502442478048039 0.000291135924256522 0.000344204215505948 0.00041208822232105 0.000517797343529951 0.00024136102669554 0.000624527254877774 0.000316976823516917 2.26072287968041e-05
5.42801472003674e-06 1.25601183865651e-06 2.99303777039021e-06 4.88805917019449e-07 7.07746766316592e-06 5.13302998208546e-06 1.54509757487359e-05 2.08622013096163e-06 8.80381186544558e-08 8.4020783795461e-07 7.72388947259981e-07 3.4931368849222e-07 7.22541654982568e-08 2.62692341247167e-06 2.06293360992257e-08 5.17248150774899e-08 9.59754712534437e-06 2.54050701277216e-05 1.1431213104262e-05 6.75940722514605e-06 1.06408978477446e-05 6.95769631060265e-06 6.46167320247956e-06 0.000109704350457924 8.41741107786795e-05 5.70776465231232e-06 0.000106611217614832 0.000891358862615133 0.000277538465788149 0.000230216973940868 0.000482830768467257 0.000710249600483773 0.000567340820945326 0.000552878658296533 0.0002459928732501 0.000351498149980109 9.43676002460303e-06 1.35922325340637e-05 2.1898812534157e-05 5.44265949196186e-06 3.08801798945947e-05 1.1104986238108e-05
8.15582966242073e-06 9.4651249500955e-07 2.47555298404893e-06 9.07928590562591e-08 2.99758058904511e-07 1.87442453973905e-07 3.35842383308807e-06 8.5874090311301e-07 1.64217599787604e-05 1.31302953177997e-06 1.66259914093627e-07 3.61767326271265e-08 1.42977740120167e-06 5.13875474892718e-06 1.04822218625414e-06 7.14098240510401e-06 8.41533655166569e-07 4.49418084626883e-06 1.48645702696097e-05 4.09433708765076e-05 9.36773562878449e-06 5.17750317946229e-06 1.21481015671973e-05 8.88997200543007e-05 0.000155099753547908 9.70550659494977e-06 0.000212154660827648 0.000161427972462308 0.000412102580464629 0.000340776899687022 0.000914970458709941 0.000572840033367242 0.000171046769771962 1.87011025226934e-05 3.77460224230508e-06 0.000208939572576713 0.000418661893568958 1.80473374398976e-07 8.64619179583903e-08 4.21894789437535e-07 5.47462469043259e-06 1.67626164691111e-09
1.02607566322165e-06 1.29562571862045e-05 1.24529324140599e-07 1.32536558720197e-07 2.59737072538843e-07 5.85903301984852e-08 7.286088504658e-09 2.22839137592725e-09 1.82222946201998e-06 2.15401092381809e-08 3.89414059872547e-07 4.82577612126522e-08 2.35289522960349e-07 9.04393886931144e-06 1.94851487505521e-05 6.90430673024095e-06 3.88738338537237e-05 5.97253227737386e-06 2.27505720204498e-06 2.73710742714292e-06 9.60937447212009e-06 1.41707478522818e-05 2.46414524825129e-05 5.65976864304698e-05 3.86516737969481e-05 0.000170528555210079 0.000125796756138568 1.82951481055765e-05 0.000119990966383975 0.000138350556080232 0.000157127716545699 2.29978421864395e-05 4.60975615388653e-05 3.78501206648008e-05 9.78724287878134e-05 1.03555104382365e-05 0.000590068464344284 9.61071419757688e-05 1.37467280295102e-07 6.04717220145714e-06 6.85744815934602e-05 5.55209749963287e-06
1.53644963602171e-05 2.8379198565794e-06 1.60000079520521e-06 3.50331815457274e-06 3.54512572954121e-07 4.73061791282539e-06 3.24297043260523e-07 1.38792879367655e-09 1.28390043921031e-07 1.27270150591519e-06 1.16813125497642e-08 3.45320482782764e-07 8.35495513769703e-09 6.96213453829088e-09 4.8381465936536e-08 2.08646457917652e-08 3.28320165594899e-06 1.11980989248911e-06 1.44682524068045e-05 2.56784657456126e-05 2.67856669553195e-05 2.66234797505994e-05 1.61782110211125e-05 3.17365134041798e-06 3.31695280649663e-05 6.98817365319446e-05 2.16575987198725e-05 1.56803049557838e-05 3.76375596394412e-05 5.7255232268427e-05 3.30552662882453e-05 3.01568317496822e-05 2.59702274908552e-05 0.000197521883270057 0.000174087498780129 2.75940435817558e-06 2.03466207521795e-06 5.85274338181143e-05 5.43788325179702e-05 4.52396509721865e-05 6.49823217711926e-06 2.27078226989178e-05
1.78651996605857e-05 2.58884255167701e-06 2.32776112785958e-06 1.82416886488903e-06 1.82636522350147e-06 1.31540272745548e-06 1.2613093378305e-07 5.28246072268266e-08 8.76704070447703e-06 3.60893478145996e-09 1.33707607311239e-10 1.59457504818043e-06 8.06844326254321e-07 5.10894225959806e-08 1.83696711413204e-07 2.89009480943198e-05 1.09042930965601e-05 8.53682617509183e-06 0.000181986929981027 1.46630413335877e-05 1.25291458467809e-05 4.00507163499322e-06 3.12650789145276e-06 3.00190012302419e-06 3.70598902293353e-06 1.66725780501413e-05 2.45792833600581e-06 1.01595658023013e-05 8.56112000898177e-06 6.53711534051789e-06 1.82158885117588e-05 2.45718440866931e-05 2.24671565966279e-05 1.81361516500383e-05 3.88949739397208e-06 6.41152333799272e-07 8.37417943046685e-08 7.1030610465754e-09 1.12715109935872e-05 5.63406657056895e-07 3.18445612258196e-07 2.93220411860685e-06
6.62538119668774e-06 2.27483479814572e-06 4.05435096407359e-06 2.34736946793053e-06 2.96727605373251e-07 1.05224994521085e-05 4.04786597169163e-06 1.94872980356617e-06 3.9712164746705e-08 4.54524624941528e-10 4.61944596858358e-06 3.78022071814854e-09 4.66274674618616e-09 1.85843768405891e-07 4.1982258573567e-06 7.21175834934802e-07 7.05175377951298e-06 8.29999034446211e-06 7.9271323837422e-06 5.68814575450043e-06 1.0426714996606e-05 5.63458236516929e-06 1.78016901776668e-06 1.19983107758386e-06 2.45177761921048e-06 2.5579820781621e-06 2.10696061947051e-06 1.61069342245905e-06 1.33710008951037e-06 2.51524657836675e-06 6.73691163047912e-06 1.67973781147169e-05 2.05864201093401e-05 9.40952056782963e-06 1.99991825940796e-08 1.09016302856085e-08 6.15707727686832e-09 4.08988190562759e-08 1.36447143356336e-08 8.15307877221336e-07 1.36253963447359e-07 3.87299388488785e-07
3.87142406268244e-06 1.30897217228341e-06 6.0618319312558e-05 1.84200146114664e-06 7.76275325377379e-06 9.63730333507469e-05 3.47966407067826e-06 2.47314013270364e-07 8.70171805858407e-09 1.64989910322672e-08 1.34809278558752e-06 2.09636058205056e-07 9.39648506913153e-09 5.27930263430558e-09 3.30899605021813e-08 4.50663271427973e-07 4.48960621421809e-07 5.13588006186463e-06 1.27844418164133e-06 1.66772342772558e-07 5.7804419539847e-06 5.03721852724767e-06 1.14448529704277e-06 1.42640911246917e-06 1.60995577378143e-06 4.44571097783109e-06 3.31145964918918e-06 1.79504422621789e-06 1.69763534259348e-06 1.56370676259537e-06 2.48482456437988e-06 2.69218592403001e-05 4.08685124689803e-06 1.49794770463571e-05 1.09451409164811e-06 6.94690791057183e-07 2.2058148599252e-06 1.46438580019557e-07 7.47148904025712e-08 4.8068705500883e-08 5.85712651447506e-06 7.89942192522531e-05
