fishcamp/mu_5.asc
NCOLS 400
NROWS 200
XLLCORNER 267999
YLLCORNER 4148999
CELLSIZE 5
NODATA_VALUE -1
[rows 72 to 89 of 200, columns 252 to 293 of 400]
7.15968054288254e-07 8.3405367649899e-07 2.8644293372502e-06 2.05658563646639e-06 5.57199157354956e-07 3.34162924846182e-06 1.71973829276403e-06 2.29468422753928e-06 0.000113399114274391 0.000254901218182045 4.96450243203101e-05 3.60085465457863e-05 5.86433952636102e-07 2.69502122732657e-07 8.16346613856631e-06 1.78367380608631e-06 4.50326098170843e-06 4.56053426186705e-06 1.65303058236473e-07 2.07486589748953e-06 4.97172831156552e-06 3.13046364458664e-07 1.78026248306088e-06 9.06466320177044e-07 1.29535324805121e-06 8.50265303551749e-07 1.05028053803425e-07 2.75161875889406e-09 4.29525754481228e-09 8.0246082800587e-09 2.45105167790583e-06 0.000256889480235848 0.00132683190110338 0.00176422238551662 0.000195855444531544 8.61704406978613e-07 1.73910236492858e-05 0.000221627647982549 0.000272074138006118 3.98826054725474e-05 3.0466625842474e-05 8.5800545289499e-06
2.11533942905351e-06 3.48131885519767e-07 5.70113354984645e-07 1.9621854434371e-06 4.64258960642766e-06 8.16497548191582e-06 1.43574438787426e-05 2.0819896687568e-05 0.000280729246848166 6.46260431666765e-06 1.95125072439105e-07 3.05796120371525e-06 6.16739427239848e-07 9.33592760532918e-07 1.47831272102141e-06 6.20147055511698e-06 1.18793456044316e-06 2.4013568635319e-06 7.14471314958459e-06 3.33853205403984e-06 7.10777350970191e-06 6.04663840286482e-07 1.2732495399783e-07 7.47139074277248e-08 1.15998307355594e-08 5.06191384031455e-09 2.85279407519321e-08 1.71308673610703e-07 1.0703917600149e-08 9.06869577052852e-09 3.96772243765834e-06 0.00138983095776905 0.000673535607560095 6.79277517026471e-06 0.000153821848342394 3.07834053575481e-05 4.3361159003297e-06 1.7548212161158e-05 0.000287645206407347 0.000754068484992331 8.88684727364309e-05 0.000266684021367309
6.46220692281833e-07 5.53562612721468e-07 4.77260870096133e-07 7.28839320662589e-07 7.60194999267217e-06 1.56740852611177e-05 2.3447304235564e-05 3.98558366823089e-05 0.000102787847553351 3.29723333588329e-06 1.5141252018349e-06 4.83981361450249e-07 2.17761879553462e-06 7.70115627531492e-06 1.69096383992859e-06 2.20437733755434e-06 5.99027680838089e-06 1.53324082530279e-06 5.22116446573258e-06 1.70103397423182e-05 3.25489748784713e-07 3.58724524461293e-06 2.74233250979034e-06 1.56223904013661e-07 2.7269518291313e-08 2.97417670265546e-07 1.92885943367171e-07 1.87056633628385e-06 4.30331714151236e-06 3.44399465457867e-07 0.000114696292997076 0.0019575231601252 0.000612754908257761 1.03582463874745e-05 6.16885286851341e-06 2.6343093297263e-05 9.22111119948907e-06 0.000220359508810685 8.91085873900858e-06 0.000105838375196773 0.000208969267493821 0.00010678348985553
1.24948672965144e-06 1.50527943024994e-06 8.45898480138662e-07 5.99987908655044e-07 2.89254145283696e-05 5.29175709112437e-06 8.26681402300703e-05 3.53418970185532e-05 1.77899947489346e-05 5.36148236466186e-06 3.83666508991406e-06 2.19547975821804e-07 2.37759035703228e-05 1.08732672470182e-06 3.10202400265083e-06 6.20455292979206e-07 6.53367484990042e-06 3.36494491038282e-06 7.00082588596705e-06 1.47459791080421e-06 7.38633598135838e-06 1.01731452385414e-06 3.89998388180521e-07 5.99692104077156e-08 7.92228814972816e-08 3.24672348277771e-09 5.83759662276222e-09 9.12900457111173e-10 2.49106075540931e-07 5.22498942339507e-07 0.00179231166653054 0.000702843146537189 5.07424615681138e-05 2.99550122162362e-05 1.22926411410448e-05 0.000132428661291532 0.000248080542152506 9.54862705081166e-05 3.5338245461157e-06 6.20835823638198e-06 0.000247678056026015 0.00105034614129278
1.05649699080581e-06 7.92721521701998e-06 1.36004305244955e-06 5.65203184698075e-05 4.88966489852572e-07 2.44324312316429e-06 1.8430296736682e-05 8.30454456674588e-05 7.27125660885207e-06 4.54056548770961e-07 3.17754006993326e-07 3.71192411148958e-07 2.39369722990014e-06 1.45002858498674e-06 3.62131370627733e-07 1.73546945570996e-06 1.32480521880153e-06 6.3752389374004e-06 1.30036340498241e-06 1.56869857001205e-06 3.60809847188675e-06 3.19936894956914e-06 6.36014677367516e-07 1.70799957671515e-08 3.36581762757085e-09 5.75381001583536e-09 3.31375507419811e-08 4.69173919083817e-08 3.56997659674469e-08 0.00028297140400124 0.000853915490133451 0.000316062504000048 8.87919785833789e-05 8.5473708741623e-05 8.38339827795649e-06 9.50912468768719e-05 0.000156927895056906 6.26496258337492e-05 6.86703697471669e-05 4.24082317915401e-05 7.64154605905891e-05 0.000347580314712757
2.10220365725187e-06 4.61982721286372e-07 1.01578349247332e-06 1.66775611801175e-05 2.08139839567059e-06 3.06864755156838e-05 3.36951131773558e-05 2.92359929565489e-05 8.64476929733323e-06 1.06645623536324e-06 3.12381408232538e-06 1.90553167292507e-05 1.96059607824018e-06 7.49995879331935e-07 1.25096784608008e-06 1.51216885472451e-06 3.97907708477119e-06 1.86633146163081e-06 2.14313316000439e-06 5.8711224956564e-07 2.29868583939093e-06 1.84120227833392e-06 3.15633502640365e-07 6.65822804815359e-09 6.72592039495013e-08 4.84573361938773e-09 7.04597008402644e-09 6.04960864914824e-07 8.19239022335055e-08 0.00082792591007705 0.000409309443896202 2.94592353415033e-05 5.98979992559411e-06 6.44763942744128e-05 0.000172566767422295 4.5372528275661e-05 1.80911853341523e-05 0.000210721998143885 0.000238247964405341 8.49912888479165e-05 1.6501271643459e-05 9.86124433273334e-06
3.52029035420338e-07 9.81940837332755e-07 1.21148695062317e-06 6.22960779570687e-06 1.39405549272413e-05 2.06478800674973e-05 5.78731757065341e-06 3.18743594790911e-05 3.47185015523373e-07 7.89853815730955e-07 5.37141648692366e-06 6.75124696068107e-06 3.66930525384661e-06 4.25177051311241e-07 2.55368404776933e-07 6.10944521402472e-07 1.49670136316606e-06 8.84381238036379e-07 4.42591865176278e-07 3.45205028146725e-07 3.43660508880873e-07 1.1385983276018e-07 1.52799249938475e-08 8.1737309067184e-09 2.54001513854545e-08 9.58679751366703e-08 1.0301603363534e-08 2.21187036236682e-08 0.000175274046088773 7.4831718634577e-05 0.000359054256991896 3.1947891344146e-06 2.6517990406413e-06 7.21845899926588e-05 8.62197185201259e-05 1.73839634692384e-05 0.000132856360923779 3.9023838727176e-06 3.69954387840614e-05 8.37427057835179e-05 5.51758891003017e-05 4.51919865204075e-05
1.20287601294172e-06 1.00643217609462e-06 6.86011898615784e-07 8.02044415981662e-06 1.45998956763493e-05 4.87617017537021e-06 4.33101977342131e-07 2.65658840685104e-05 9.87944349110867e-07 2.21690907900245e-06 2.59659598231722e-05 6.89773311118208e-07 6.36466298683239e-07 1.80600878100709e-07 1.70896075088277e-07 5.99066580630039e-07 1.40913701979427e-06 3.18570255374454e-07 3.76848894731826e-07 9.65009778652455e-08 4.79715512913608e-08 6.62198219168787e-08 8.23673848999087e-07 9.37178391422738e-08 8.0046568551725e-08 1.21032399552019e-08 1.4381613526939e-08 3.22007988508603e-07 6.66099882404828e-05 0.000102554101227221 8.55624240414435e-05 9.0010452225335e-07 1.5922802756608e-05 4.70252696673553e-05 3.66920272422548e-05 1.12376537430965e-06 8.74521764776211e-06 7.19154593211341e-05 3.11576963539701e-05 0.000256538967372322 0.000225245475393528 2.30014315216007e-05
6.69675756382261e-07 5.60228797570353e-07 5.98959602085558e-07 2.4603623788547e-05 2.26884281146095e-06 7.96274668878006e-07 6.20414740260158e-07 2.51817347092962e-07 1.57277774054295e-06 3.07342616034742e-06 2.33771535192226e-06 1.59694847151939e-07 2.78211097771925e-07 2.1607991214596e-07 3.08025949769159e-07 2.92900313443606e-07 8.45778010087212e-07 5.38546660571342e-07 3.05174988443297e-07 1.11253499828134e-07 5.03855748004058e-06 3.32883474463361e-08 1.29459786697821e-07 1.37776419493333e-07 3.9439285759548e-07 1.64287271445304e-06 2.38135559838211e-07 2.7245252458448e-05 0.000154016057529771 0.000145461386658339 2.90965826054761e-05 2.53468776572252e-06 4.78461081097758e-05 2.49715109428526e-06 2.30215402153299e-05 4.27631645246007e-05 7.76835632551143e-05 0.000225474907791449 7.22027402672384e-05 5.6023191572789e-05 9.61000192678081e-05 0.000184870174562759
4.42038323839025e-07 3.94248588821157e-07 1.43994584940192e-05 2.35829496441221e-06 3.23399534844778e-06 2.67541496765776e-06 1.01099583790482e-06 8.17463101314668e-07 6.55877919122515e-07 1.92208448224374e-06 7.66456028216861e-07 1.66847431350659e-07 1.87258205010067e-07 1.58920072890745e-07 8.24566749544483e-07 2.99441862953233e-06 2.02240913414252e-07 4.69606634351459e-07 4.84614934419958e-06 6.06836759779775e-06 5.04931792520216e-07 5.05394342684264e-08 4.500205324128e-07 7.57101628947805e-07 2.96393036579113e-06 4.28474489248773e-05 0.000122274480794891 0.000148731926194902 5.57760599429568e-05 0.000124819595995908 1.46075485560633e-05 2.82623865403682e-05 3.87511891172965e-06 1.13144076423542e-06 1.25089391074802e-06 3.28455764388459e-05 2.17183102248063e-05 5.53948932523479e-05 5.4307651469368e-05 2.95759096654736e-06 1.12661325929581e-06 5.6926620573316e-06
6.96520242506116e-07 2.29459876993033e-06 3.01280324645405e-06 1.80118595447718e-05 3.30528251736048e-06 1.00186330166051e-06 2.52317163839063e-07 4.21982249637679e-07 4.18123222312881e-07 1.50659112180241e-07 1.39313856663575e-07 4.77082643435722e-07 1.79719269853297e-07 3.35242444841456e-07 1.89976478428804e-07 1.79888064684012e-07 1.95639202300264e-06 6.20790267503065e-06 2.09859472838995e-06 4.08733080491873e-07 5.61331303411195e-08 8.06132615672632e-08 5.94467827783201e-07 2.66838523555922e-07 3.11376681445333e-06 1.13471035487958e-05 7.53639744245184e-05 3.38504887640329e-05 0.000238261761416979 1.38889246413912e-05 6.63354089878242e-08 1.11001918170874e-08 2.42915896652163e-06 1.29910086877929e-06 1.4766552000625e-06 2.84816522070267e-06 3.11679075841386e-06 1.73897144583385e-05 1.17062587425038e-05 2.65387166600457e-06 3.31060786043264e-06 4.84209046645745e-07
3.1046581693147e-06 2.87894812170102e-06 9.34002283530639e-06 7.16973322833845e-06 1.31605957002213e-06 1.0552445875591e-05 7.63478080862302e-07 1.27633514997977e-06 1.46754078393963e-06 1.59726858098189e-07 5.46577985814279e-08 1.48920876735035e-06 5.17646713245652e-06 4.61438868531822e-08 4.34146351871202e-06 1.26724236267716e-07 1.26010504423825e-07 4.30494611402306e-07 5.52961100813159e-07 1.74714936012221e-07 3.02307112013196e-07 8.55704648496029e-08 1.34559327514923e-07 3.64375313375615e-07 0.000133938971132303 4.84335946486801e-05 1.67688260882166e-05 7.39809945931808e-05 1.3348398036619e-05 9.57796189963004e-05 8.13964609460782e-07 3.57420793311675e-08 4.72250401750139e-08 9.1645960051533e-07 1.3079569888696e-06 1.40435578457051e-06 6.7920959741543e-06 8.13787590152119e-06 5.91246734810678e-06 2.00074387110518e-05 2.90118880190596e-06 7.02230287878273e-06
8.16471636385898e-07 3.01135808366189e-06 1.11057305156884e-05 4.56790432434091e-06 6.41439707468345e-07 3.94581785658257e-07 4.39494204532285e-07 4.691927750834e-06 2.17040828292286e-07 1.00177503314385e-06 8.04728852807033e-08 1.652092247797e-07 3.2596038130778e-07 1.62310632624742e-06 2.04240239103786e-08 5.32429591442943e-07 1.01380522426696e-07 8.31269875625069e-08 7.71941192858434e-07 1.10434359019319e-06 7.44387797692633e-07 9.4494159984954e-07 1.73137784987345e-07 2.28598528168184e-05 7.30421281296307e-05 0.000220292483717334 7.8930963924221e-05 1.18498921039346e-05 1.6464384393136e-05 0.000149273682934925 3.31893426563027e-06 2.08340192550938e-08 2.27398845264452e-07 1.9217045653493e-06 2.01464108056144e-06 1.21233208132952e-06 2.74505076759171e-06 4.14295262925014e-06 4.59676923490897e-06 7.541873139631e-06 7.20773351182996e-06 1.95018075212622e-06
2.07900560584875e-06 6.8916354170922e-07 2.01030878662653e-05 8.38209706024669e-07 2.29933606904411e-07 2.71385508185425e-07 2.28368898321569e-07 6.49086371558019e-08 4.39746643095232e-08 5.14226480216882e-07 2.70294339071888e-07 1.93818197843857e-07 1.00674251143282e-07 9.61243577121215e-08 4.6889015003312e-08 9.66456938374672e-08 2.26115074297426e-07 1.48700112471823e-07 1.65827198179382e-07 1.30616216123798e-06 2.65340870215987e-07 1.43599963416153e-06 5.31661462199898e-07 2.35292684326927e-05 0.000106642486059698 0.000195573557009657 4.35104642316344e-05 1.26947467656974e-05 1.3406056395976e-05 9.69931059115097e-05 1.40837300306126e-06 8.7646046967631e-08 7.67372885495149e-08 1.25376380334268e-07 5.38246128356596e-07 1.08283199300742e-06 4.80242531668469e-06 9.51777107011974e-07 1.03999680482503e-06 2.03190116531338e-06 3.04789858309681e-06 3.6195487622776e-07
5.76853253370463e-06 1.45691330200793e-06 1.17005258205841e-05 3.73441976425562e-07 2.51826369293149e-07 2.37359860991982e-07 1.76430619013922e-07 2.27219285526124e-08 1.95490679211239e-07 2.48947478489278e-08 2.23670967984088e-07 1.5980479736168e-07 1.35472140120528e-07 4.10020186605512e-08 4.85590030554839e-08 4.78987371402283e-08 8.0210938606414e-08 3.08434255995765e-07 5.84349244732803e-08 4.02688553501097e-06 2.28059325128551e-05 0.000128945774971069 1.19799042350128e-05 4.9150677622619e-05 4.53356819713867e-05 3.39517940274323e-05 6.95592194716379e-05 1.11355720246958e-06 2.59509741850573e-06 3.2455624185194e-05 9.32396469767726e-06 1.92078603058515e-08 5.21850262844334e-08 5.06510793703024e-07 1.37564535402571e-06 1.10350426365568e-06 2.4809600070316e-06 1.05525697707101e-06 2.82441827353241e-06 3.19001339948674e-06 8.91719407331662e-07 1.90324036881095e-06
5.00763469021457e-06 9.65686497453578e-06 1.03733629960199e-05 4.52405885307245e-07 2.33012048410813e-07 2.14463089981884e-07 2.00296721452381e-07 3.65400288127268e-07 2.9213085519356e-08 9.2587355311762e-08 1.17941834516466e-06 1.39229715686032e-07 1.91349823871835e-07 1.33473475425426e-07 1.26764244123136e-07 3.73931572459486e-07 4.98862650186243e-07 6.30639288953785e-08 1.01476675258185e-06 3.41441196663596e-07 3.73586677119964e-06 3.63084366768511e-06 5.80470826528863e-05 6.88229657147028e-05 0.000433179975033555 2.09659399644735e-05 7.28289690525329e-07 3.25612929641808e-07 2.59345962957989e-06 2.777639918979e-05 1.54022850695133e-05 4.9763456097207e-07 1.16978526911987e-08 1.55999421845902e-07 1.11823164341462e-06 2.71304768551274e-06 1.68120194135014e-06 1.24027959073111e-06 1.3612536756557e-06 1.57691130925297e-05 4.85431574231857e-06 1.14302796095918e-05
2.01834347699045e-06 3.55350657435591e-06 9.21809083266384e-07 2.7999886045647e-07 1.79050763352687e-07 3.18030442089891e-07 4.58505449985716e-06 1.29667697929215e-06 3.88028414704418e-07 1.81984975370114e-07 1.18314362076089e-07 4.11017658510898e-06 9.43864098100209e-06 3.56583609426807e-07 5.20224047382732e-07 4.87266396249617e-08 2.64973245869723e-07 9.71377807144501e-07 3.48450484917002e-07 3.61976157342331e-07 4.22616874659927e-07 6.53647921400299e-05 3.14947662259784e-06 1.42805227155118e-05 0.000223732792967693 2.65327159334536e-06 3.01508536932907e-07 1.20374845348136e-05 2.09695758806701e-07 8.96646221905685e-07 5.2479344162459e-05 5.18129081810526e-07 5.89329031461205e-07 3.01002828756717e-08 4.47726895150785e-07 3.5458896637362e-06 1.01848903443231e-06 7.5806284032112e-07 3.17879994619324e-06 1.50010299916523e-05 4.59952074127779e-05 1.28983544858952e-05
1.15400023565542e-06 2.84569564291343e-07 2.33188869265642e-07 2.19163256449877e-07 4.88509373940279e-07 1.34678343748257e-07 5.03895332485341e-07 5.99056397816872e-06 2.28054505207223e-07 6.04046281919888e-07 2.69072552032837e-07 5.10425419643331e-07 4.69639988118363e-07 2.23311291477077e-06 2.78561928523698e-07 5.51078555115315e-08 7.36545324263562e-08 6.7597140874433e-07 3.57639718780666e-07 1.02186984119928e-06 1.36085587739047e-05 4.8518709521404e-05 3.11210690463396e-05 5.99491010189471e-05 7.44993984152187e-06 2.10878892653667e-06 1.4541218064255e-07 5.50610434897559e-07 5.90912290432792e-07 1.52562205931584e-06 6.11645122888729e-06 7.24349115695412e-07 1.18082021652801e-06 4.58026097833013e-08 1.24565353520419e-06 7.44034350120938e-07 1.88607120880452e-06 5.32166697411208e-07 8.13727015007775e-07 1.91958111680787e-05 3.56258511712063e-05 9.66222923920744e-07
