fishcamp/mu_5.asc
NCOLS 400
NROWS 200
XLLCORNER 267999
YLLCORNER 4148999
CELLSIZE 5
NODATA_VALUE -1
[rows 0 to 17 of 200, columns 336 to 377 of 400]
0.00242211586235266 0.00345926685717003 0.00306634189932278 0.00364217793964324 0.00350843903540079 0.00358399808235287 0.00338790706976428 0.00296711904865386 0.0026936697382076 0.00215023960086012 0.00202642069558398 0.00227245992353873 0.00231135357517209 0.00258686446875396 0.00300804968861166 0.0037389922321307 0.00511229918759847 0.00685378442438991 0.00900938412066926 0.0092302372559537 0.0080754917083212 0.00833074603013563 0.00643263665714003 0.00257455418273629 0.00237993551354724 0.00203766696778151 0.00344601897271501 0.00233744241797994 0.00240926324528194 0.00260540154556679 0.0030765387963106 0.00336429908140931 0.00321666650486987 0.00328650543871262 0.00364967248208842 0.00342462274901696 0.00378955235419777 0.00380035798600749 0.00338260600621401 0.00275527201501948 0.00239365066627567 0.00214586196871936
0.00263409604557165 0.00222586540816753 0.00247248159535526 0.00174157877796625 0.00219870220039817 0.00215411323262706 0.00187762421899845 0.00169977467463993 0.00121621020057721 0.00126684102969148 0.00136456471253963 0.00122978055246666 0.00173076111883743 0.00153359940204579 0.0012321363165391 0.00300241641868072 0.00210012472573239 0.00402212264135357 0.00547324457191049 0.00470931601627898 0.00475720247854641 0.00228044815287227 0.00380055582499868 0.00242080795480325 0.00160072273798566 0.00211837594023174 0.00221195892993518 0.00184674765008089 0.00157814279593409 0.00136584325267018 0.00143845811779938 0.00176517403013717 0.00202649800503214 0.0017063913123481 0.00159950183888764 0.00231922294851809 0.0019234683934444 0.00168812086631684 0.00168642631320275 0.00233883929027372 0.00164037072014428 0.00172079955881084
0.00205682340688844 0.00147996527941041 0.00166113716091085 0.00116854151815704 0.00187215679544226 0.00138357435973849 0.00107837306396506 0.00124628539464788 0.000682755470163788 0.00151334210767939 0.000669660324698436 0.0010002828748963 0.000838446089684353 0.00130919657709351 0.0010157817780157 0.000749707665054581 0.00117767203248465 0.00193844480055001 0.00147764165864485 0.00399951005207657 0.00221809805627691 0.00200183589281351 0.0017818744843477 0.00121870656375864 0.00131863810135721 0.00186984963533085 0.00108510183009763 0.00174802641837075 0.0012829974984431 0.000923657815794279 0.00084213534820111 0.0010011498125236 0.00194761947799377 0.00131639820124418 0.00122038932511934 0.00178456750596167 0.00153315505278575 0.00152468187678572 0.00124006436058317 0.00398753229691916 0.00130554081573437 0.00147554601166912
0.00184892109568626 0.000695281568534701 0.00184362281000853 0.000844390740476457 0.0013562528165322 0.000758837539912106 0.00109652891751873 0.00114320005425219 0.000617574244469673 0.000618885811020779 0.000643685784989341 0.000459622855250499 0.000410405821870871 0.000462286306608772 0.000609760207346566 0.00111713837700451 0.00162114086134104 0.00132316054115241 0.00132859213142949 0.00144489982013099 0.00169123812588037 0.00149366321879502 0.00125498751058247 0.00221086504653747 0.00196165535985907 0.00103436424152756 0.00114950836056456 0.00144224171882518 0.00197594738297566 0.00140305614991804 0.00062736099105636 0.000876934362597572 0.00159368578845764 0.0018717332786367 0.00231919176091115 0.00270929347904788 0.00328799551241161 0.00186366722727102 0.00201346617610261 0.00616583851597264 0.00198743644478072 0.00231056268379096
0.00050868862701028 0.00189606358470654 0.001966529584097 0.000390430903583239 0.00431001906667759 0.00175948297674353 0.000707051695458881 0.00111719328451202 0.00052391944144251 0.000421575435931112 0.000525779713901787 0.000472374738246939 0.000360938388708194 0.00037889412918644 0.00044561902876023 0.000700560588095101 0.000338683345161006 0.00115320962011448 0.0011562028187073 0.00136910237095053 0.00198972504089914 0.00266184626245294 0.0249909635802407 0.00460939985569826 0.00124581275709881 0.00091578470326804 0.000593399517498102 0.000717261249443516 0.00117409385642946 0.00173327260699312 0.00167546206905395 0.00158117730314628 0.00315461674355017 0.0046173832348379 0.00675683445075235 0.00971383947356768 0.00626634234687416 0.00876091503300821 0.008588966544438 0.0147120373467572 0.0275258402350054 0.00905814286422802
0.000717093680207667 0.0021031888808512 0.00117989669033566 0.000818774256065775 0.00112220706358297 0.00163195043228397 0.00056012623853665 0.000528344252587663 0.000530958947707716 0.000631466566210771 0.000439187993455392 0.000447072604784633 0.000388069609120266 0.000286181019570046 0.000302797190624804 0.000510559349093974 0.000921107502867054 0.000671589343342994 0.000976588602958119 0.0011878493237217 0.00151241203113416 0.00177392246954093 0.00314416947215206 0.00501998635757522 0.00148729950236369 0.000535150407062286 0.000567169059739503 0.000453748416586877 0.000884824270486644 0.00338733201177581 0.00471354665571097 0.00509264010116985 0.00809523880189406 0.0113452679853231 0.0136239714398564 0.167652478193571 0.175945266851085 0.0264711187964595 0.0646772773609696 0.0968030269472823 0.128322514094816 0.196691409716189
0.000718784972835566 0.000770953260245899 0.000828399981159358 0.00103954259938924 0.00116821381608789 0.000905619329029658 0.000588991640377279 0.000692494177993774 0.000569501121095495 0.000460142673292047 0.000514379330424278 0.000676578347616674 0.000507346131743267 0.00031297845804345 0.000384253900764218 0.00039588688200757 0.000480585871480699 0.00111599038430242 0.00141086399102776 0.00143299339050427 0.0013095243284609 0.0013490612287304 0.00156430037787563 0.00320460267583741 0.00128087972566711 0.000441486426034947 0.00031874483914843 0.000499104609651035 0.00121309901058002 0.00486787399461305 0.0143651532543787 0.0165239938325807 0.190391150343104 0.0702350486626357 0.0659883378690162 0.000868861193845198 0.000683646409803002 0.0826473516388047 0.18132166953224 0.122608670711903 0.0881746237513201 0.0521522897192722
0.00137735673431759 0.0020034464846392 0.00094097024705494 0.000972153247044773 0.000775420335190816 0.00156642375398418 0.0010243568005899 0.00115288839791117 0.000620742984519941 0.000984415598781787 0.00103348484979988 0.000691436774488707 0.000714954344827253 0.000465569738433058 0.000403401242220899 0.00051710053180779 0.000560059621467438 0.00059187224152241 0.00189142827382484 0.00162473784897505 0.00189169763526764 0.0056245155990525 0.00125238758346497 0.0015935194166687 0.000846510662107043 0.000670273845066711 0.000523581260652861 0.00153070385885154 0.00497032089564674 0.0110562845902622 0.0215253627067247 0.0704889175791164 0.0624458912485951 0.167158800899124 0.198865311818679 0.100441894076048 0.140877969469219 0.0583858893992875 0.0214691484696979 0.0135903321477436 0.108889486337083 0.19288634496589
0.00273729949786988 0.0018102308898527 0.00131794842206623 0.0011970826554107 0.00171447781194325 0.00134942065936022 0.00187304727691249 0.00168328165159042 0.00167437195791758 0.00202759453647718 0.00114107166949519 0.00110394613922244 0.000871092241606861 0.000838960973669412 0.00033774894206426 0.000420712387204717 0.000503786735185719 0.000481197838008435 0.00112246328277181 0.00234947831061505 0.00222791765884771 0.00148629131357967 0.00125288850592091 0.000949014309562249 0.000874544797492536 0.000461046809886572 0.00112839926513379 0.00830744833413355 0.0167317533867441 0.0278001966196532 0.0867712399481871 0.000693528240025926 0.144497784668541 0.0489973277560786 0.0221995428534868 0.012421248863042 0.00654803072574324 0.00708648143596495 0.00548355787530511 0.00406702665521702 0.00857616286892155 0.0212036486445092
0.0024162981193079 0.00197723077952542 0.00261443045656928 0.00249171668557629 0.00323221639610983 0.0022644226368432 0.00211963368998808 0.00212104108144909 0.00231854680215708 0.00262822767051294 0.002855888338558 0.00291316467743555 0.00075303856674746 0.00124435604372686 0.000314424097030587 0.000344934743962431 0.000298784169094421 0.000359414281301839 0.000508680315301996 0.00218486442980179 0.00127738815342669 0.00109153530309753 0.000954896895850268 0.00105869676896991 0.000630873149290386 0.000506655659133144 0.00149379141340564 0.00672687669793347 0.0281617265428274 0.174828525432508 0.0419420727632789 0.00254530514876493 0.114236915709293 0.0790451955896475 0.0157981709119169 0.00171573367927122 0.00177429019418884 0.0019679473072396 0.00152632473604516 0.00140261695123908 0.00285035290790101 0.0048822772889378
0.00419952658706753 0.00458031198423253 0.00770989295287493 0.00469824676835741 0.00703844038941 0.00653580067842661 0.00369000182378566 0.00467622431423306 0.00461105337842078 0.00599442491255137 0.00319436510251565 0.00347105798035642 0.0022976222242494 0.00306218063354958 0.00122299496882763 0.000237778970459694 0.000379107082816634 0.000289738540639713 0.00065800022102228 0.00118922333875352 0.00126484036788042 0.00129979756276968 0.00111516232200739 0.000705759314358203 0.000489886591276463 0.000432386869460169 0.00228440448380481 0.00858280846598947 0.137336598226198 0.189761468178278 0.0845821986754935 0.216410891529361 0.0423947619512375 0.0081215260704179 0.00312715056961338 0.00153007853040209 0.000945318332942348 0.000643285764885583 0.000931674882891684 0.00184592596204277 0.00099490980067196 0.00169143453403379
0.0073064310464602 0.0101893971797186 0.0145770178772456 0.0130939087920004 0.0179980063973874 0.00942462517017775 0.00861780198711693 0.00704171812022204 0.0104924537360792 0.00607374456199462 0.00610866341888997 0.00729870781869602 0.00372252612574517 0.00310461741555681 0.00226096454893203 0.000419212794039157 0.000264679525520463 0.000653638247625143 0.000983718515359155 0.000871484607348461 0.00129662904348456 0.000938042139970804 0.000752657488689748 0.000563283767194726 0.000509773867225609 0.000531726518353124 0.0019392141727788 0.0112396789817159 0.0404711896817438 0.201899771094649 0.195731688106541 0.176516554722497 0.0140503466852291 0.0025483925313773 0.00124052029215627 0.000826784588637485 0.000456657973749533 0.000986968189696752 0.000613047080224228 0.000739294991872743 0.00104362770551043 0.000790877410367672
0.0225527629095339 0.035607496403518 0.0394751342784421 0.0398335075044948 0.0457448164768516 0.0347701424422603 0.0263765026703972 0.0213590312307163 0.0179740111278398 0.00853792326552524 0.0158598763848077 0.0136307685296002 0.0105207972231609 0.00260099000653453 0.00304971431896368 0.00100016680133303 0.000730678292007964 0.00096732760345934 0.000883894748731492 0.000849217631029574 0.00108011323884518 0.000590300501023304 0.000580178759299055 0.000521510828576539 0.000429833620377428 0.00136686209046465 0.00159044670424087 0.0110038272464939 0.117259085918017 0.0835540180473674 0.200142704536663 0.01874540113104 0.00541217857410129 0.00313392774574206 0.0012656172214614 0.000421430736191254 0.000642562019929892 0.000601508354973855 0.000403707757201075 0.00081120978789133 0.00113447777625949 0.00102452368766369
0.0449662566918392 0.131156340583676 0.150405276859661 0.0401662519235838 0.112433577360055 0.136096918179038 0.100707303286079 0.0450124106829992 0.0390245307290885 0.0213939309373303 0.0552894621311469 0.0238170947300705 0.00953108188702686 0.00386836984620469 0.00188772056774606 0.000998715277428667 0.00144447461823418 0.000886592695726667 0.000771090195927659 0.000704255219740284 0.000619585751421428 0.00111853410897778 0.000494681678736651 0.000652529064556374 0.000720380191080895 0.000889586991265975 0.00305991998533275 0.0170826697559575 0.115334846665384 0.0464434518345348 0.0915229788291478 0.02446910144724 0.00727145760639679 0.00272146501747265 0.000393578143460464 0.00134579248565783 0.000362169084259737 0.000386384412646491 0.000275389236236221 0.000638969661801184 0.000236394745886373 0.000465558377005005
0.145582333103455 0.131989701605199 0.103692855058106 0.0701274966997145 0.0404425689568072 0.0887690065538932 0.20807580297984 0.186440701609165 0.219358072513729 0.088866560343009 0.079945247972304 0.0336564303558685 0.0143859655624764 0.00632058806058671 0.00347022360260721 0.00137625798858202 0.00101049355950574 0.00108640422506733 0.000356865491326089 0.000781713490653363 0.000869680616519011 0.000940020841647799 0.0025447640319474 0.000623319855808003 0.00112568408768102 0.00164684677197351 0.00589479252122964 0.008104405939803 0.084796533614639 0.0563871124497658 0.148802192299157 0.00972029753828971 0.0024592649576095 0.00086454763201071 0.000519785271861073 0.000409843743164749 0.000324636404893132 0.000220586628582063 0.000374275598052587 0.000271583760602818 0.000244671171811541 0.000239364443861766
0.0259629278491664 0.0240590963333862 0.0255268424712413 0.0202766497808814 0.0219722161262537 0.0194126950381602 0.0178454205339053 0.0364541234115278 0.0523442329365015 0.0478645201711082 0.101110914974187 0.0551757618384681 0.0213778769211426 0.0111060351224879 0.00637609089546827 0.00176715399952028 0.00219106466242538 0.00140787559895047 0.000971359551848761 0.00223733477205259 0.00145045249624401 0.00159656665537431 0.00273795492161099 0.00199964579593719 0.00546956603023473 0.00341530991968705 0.00780675710856216 0.0234575809278979 0.169469366310541 0.0340898914590666 0.0122927305739304 0.0057062244401648 0.00286174217203572 0.000862285835285346 0.000334540902003109 0.000428010202257508 0.000175272124031278 0.00017308867218734 0.000523603342352954 0.000256896600206123 0.000160738070477064 0.000190238611331386
0.00357133183272095 0.00643873536486187 0.00575611381041355 0.00405811090544349 0.00332631660680888 0.00318695861949631 0.00383641886737412 0.00780111837139857 0.0268190004845083 0.0399190247708203 0.0242605241718517 0.0679937404182779 0.0433843980361142 0.0216766498322166 0.00868158931908704 0.0041876394095489 0.00543646554629346 0.00482281922318807 0.00470793225321241 0.00413307342646733 0.00372240283680723 0.00241621945330372 0.00499960840758066 0.00599556751178884 0.0115813936096124 0.0115855983318476 0.0270664208235294 0.15113313618884 0.0217701062328457 0.0107687760238896 0.00537286955088997 0.00353147067990782 0.00219157264287013 0.000496154132936544 0.000366947720812248 0.000212333320077176 0.000155456179174986 0.000120685556635186 0.000127751856246598 0.000259131659170628 0.000122778766938578 0.000123584436447875
0.00437343143878628 0.00274773095936477 0.00158620879710995 0.00105577248629565 0.00121577981576151 0.00168990119078108 0.00255636578573413 0.00387322853089811 0.00432906856675725 0.00943878315038234 0.00716135596776045 0.0119471330414377 0.0148597482099604 0.0259429899084745 0.0463816598735127 0.0687438279466188 0.0754223596027093 0.0438611249791802 0.0143973527919591 0.0123040474439002 0.0233680719455611 0.00983035007928817 0.0263166931290812 0.073190372477755 0.0309941764394103 0.0495419121388732 0.0240996150591357 0.0554019781007603 0.014354692642552 0.00699523724949452 0.00315875443291583 0.00289553885293314 0.000519924120268242 0.000426079071911019 0.00076293604022458 0.000273443264420749 0.000191511674478315 0.000325943868686049 9.84443230806047e-05 0.000118197998184292 0.000112080480587976 9.07572778008581e-05
