NAME	= Vertical Distance to Channel Network
DESCRIPTION	= 
UNIT	= 
DATAFILE_OFFSET	= 0
DATAFORMAT	= FLOAT
BYTEORDER_BIG	= FALSE
POSITION_XMIN	= 268001.5000000000
POSITION_YMIN	= 4149001.5000000000
CELLCOUNT_X	= 400
CELLCOUNT_Y	= 200
CELLSIZE	= 5.0000000000
Z_FACTOR	= 1.000000
Z_OFFSET	= 0.000000
NODATA_VALUE	= -99999.000000
TOPTOBOTTOM	= FALSE
